2877.2
7675.8
6813.1
1308.4
3737.9
4778.5
1581.1
6549.7
6733.3
3512.2
646.0
6783.0
1584.1
551.3
6005.9
5266.9
3703.0
8482.7
4784.6
4756.9
7762.1
3334.6
3622.5
6608.3
3014.6
8495.2
8969.5
8947.0
9872.5
627.0
8699.7
2048.1
7325.6
9712.5
2176.9
9173.2
8692.9
1575.8
4467.3
9337.1
4472.0
6370.0
2323.5
1206.5
4654.6
4381.0
4575.9
9409.3
255.3
7185.0
4746.9
2056.4
5248.8
7951.9
9820.0
6414.8
2104.3
5675.8
6998.3
1937.8
3380.7
8821.4
2253.3
6727.4
3604.6
6203.4
656.4
2769.0
5675.4
4041.0
5451.3
9521.3
5857.0
6127.9
1653.9
9960.7
6224.2
1224.6
3794.7
8802.0
8526.3
6642.7
990.3
9747.8
2140.7
9336.6
8153.8
5593.2
9128.7
9087.6
7914.1
5606.6
860.2
8467.6
2108.1
4004.8
7964.4
9305.4
1804.9
3975.9
8721.7
7300.5
8749.9
858.6
7233.0
7372.1
7276.1
9437.1
9290.2
1450.8
6528.5
9405.5
10017.7
6962.8
1781.9
7720.2
291.0
5405.2
5558.2
253.6
7927.1
5194.9
1455.5
2513.7
3683.1
8764.0
5134.8
1492.2
6412.7
4457.3
10068.0
3788.4
9544.8
9872.6
7304.4
5044.5
2957.2
4049.5
7831.1
8838.6
2084.6
9022.0
1681.1
7138.1
4030.1
8002.0
4593.9
5834.6
4199.3
1894.5
3823.9
6964.0
4122.4
3639.4
1063.8
6760.2
1215.5
9171.4
3872.5
8796.9
5534.9
2749.0
383.3
3089.3
9338.4
9147.0
7890.3
893.4
7654.1
6930.6
4262.3
37.9
9204.4
7594.5
9606.3
6504.7
1577.1
1338.8
4642.7
2760.6
264.8
283.3
1694.0
4159.4
9773.3
6737.4
4496.7
5662.9
1250.5
5626.0
8563.1
1444.7
9409.3
742.1
2563.2
4782.5
2532.0
2804.9
5887.4
3304.2
9760.9
8186.9
5569.4
4247.0
7519.7
3499.5
2790.1
685.8
2301.6
8789.7
10094.0
890.5
10037.0
2478.4
3940.1
690.7
9625.6
4627.8
7002.9
9340.5
3366.8
4659.8
2462.2
9510.8
7538.6
1054.1
10009.6
6781.3
2763.4
2295.4
3073.8
3490.5
6554.4
4364.5
5276.7
7908.9
8711.1
8284.1
2605.0
1745.9
7155.4
9971.6
7076.4
372.6
10030.1
7986.1
5952.7
5803.3
8082.0
6763.2
9215.4
1550.3
6840.6
6254.3
6006.6
7074.9
7920.1
3989.2
1611.6
5361.6
7821.4
7576.3
6798.9
2684.7
9307.0
3659.9
7874.0
2346.6
7544.4
9424.6
2886.4
1118.1
5957.3
163.2
8179.0
4546.6
8774.9
8633.3
5066.0
4665.6
7163.7
5683.0
1725.3
4794.1
632.7
10041.4
9334.0
1501.0
4295.7
9686.8
2095.3
8332.6
4299.9
5618.1
198.8
8016.3
4182.1
9297.7
597.8
9868.2
587.0
4998.5
2571.2
6107.5
4592.1
4079.3
5735.2
5916.2
1598.1
5298.9
8832.3
1961.7
3187.5
7213.1
9126.4
1114.9
1918.3
2079.5
9318.8
3602.2
302.3
10028.4
7705.7
6510.0
7229.4
6896.6
9553.5
5062.7
2151.0
4624.4
1250.9
2999.4
9328.5
4394.5
7664.1
7749.8
2722.4
9558.3
27.9
668.3
4715.4
8419.5
4593.8
5354.2
3083.3
2369.5
8195.5
346.6
9174.9
9216.8
2820.2
7189.8
4480.0
4151.6
7760.2
6892.7
3580.1
3161.1
4757.1
9261.9
3512.5
2983.4
7717.5
5038.6
6410.7
5030.4
3269.6
6954.3
576.0
5135.9
5041.0
4936.6
9266.1
2369.4
4376.5
3798.9
6630.5
1448.0
7321.7
5701.4
4127.9
629.4
1751.1
5131.9
6415.3
2348.8
1609.9
7279.5
3523.5
4819.4
1849.9
2492.5
5971.3
2822.6
11.6
3731.7
3336.5
5665.0
356.9
4481.0
416.1
7768.0
8355.5
657.1
1659.6
6937.6
722.7
4105.1
1197.6
6266.9
4816.5
3791.1
7688.9
2251.9
6232.2
8137.0
4473.2
4593.3
8095.0
8107.3
5395.6
6453.8
7305.9
5710.1
2437.1
7813.1
3060.1
9490.5
993.5
9751.5
9006.0
8092.1
5903.5
6539.9
6222.6
1121.5
9937.7
1205.6
8973.8
6861.9
4371.0
2044.6
6961.8
2518.0
6662.7
5974.5
3576.0
10091.5
2045.4
8138.5
2213.9
4256.5
3417.4
4631.1
7039.1
9089.4
7013.7
6208.6
3641.5
1930.0
7979.8
1792.3
5682.3
222.2
1809.3
3446.6
9287.9
4756.5
6267.4
6839.4
857.5
3576.1
6243.8
6056.6
1552.8
8844.1
6277.9
3451.3
4123.2
4536.0
4450.9
748.2
3337.3
9109.8
1690.7
2108.9
4507.7
2190.1
3705.0
9250.5
1813.3
8969.5
4582.3
7973.5
6670.7
6216.6
6849.8
4541.4
5637.2
3271.7
3366.5
7089.1
7352.2
4656.4
1616.4
1803.1
4276.3
8710.5
3858.8
7906.1
171.5
9908.0
6285.0
6622.6
9163.1
8672.0
4780.5
630.1
3189.6
9757.2
8237.8
3467.9
3371.3
9389.2
1304.1
7298.5
7660.8
4213.8
8715.8
9157.6
9689.5
7642.0
8839.9
7563.5
3595.9
7055.5
1003.5
3203.8
5032.7
6536.9
9728.3
588.9
1876.0
7251.0
9559.7
8945.4
2977.1
5737.7
9054.9
5138.3
9332.7
987.5
6606.7
7959.2
7379.1
9103.2
6772.0
2095.2
420.6
755.1
1642.0
233.2
4801.3
4419.8
2179.4
9149.7
2712.7
4989.2
3190.3
8477.6
9895.1
2239.7
4864.6
1537.2
263.6
426.4
1604.2
8161.3
7428.8
1627.1
4895.1
4838.5
751.5
781.1
2709.3
8214.8
506.4
5917.3
6167.8
3166.6
5485.3
4095.7
1120.3
4271.5
7623.1
103.0
8347.1
3620.5
1551.3
5642.5
2553.2
5787.9
9316.6
3105.4
6848.2
8262.6
1696.6
7009.7
7670.6
3778.7
4601.0
6689.9
5543.4
8415.0
5018.5
3502.9
8797.3
1876.0
7733.4
550.7
3792.2
9172.4
7734.3
8674.8
743.1
1323.2
9676.4
4251.6
4337.8
1509.1
3868.5
5111.3
5296.5
8020.6
7968.8
2924.8
4708.3
7062.5
1626.0
4078.7
5700.3
2514.0
9903.4
596.8
8277.9
1058.1
7131.2
6774.7
3839.0
7013.5
3060.8
4277.4
9989.6
8954.7
2032.9
7150.1
4173.5
1165.7
6194.9
6597.5
8188.9
6122.3
4331.6
45.6
5881.8
4278.3
3378.1
3515.8
9015.4
1055.1
2771.6
5223.7
7403.8
7321.1
1909.8
6718.5
5511.5
2988.9
276.4
10079.7
5420.5
6612.4
8900.2
7239.2
7506.5
4629.5
5649.9
9576.9
7031.0
4903.0
5794.6
8619.2
2278.7
1070.0
6791.0
6002.8
4292.7
197.6
10055.6
1449.6
7436.5
9262.4
2633.8
2621.5
8978.6
8920.4
10084.7
7509.8
5952.4
3296.0
4148.6
386.3
1809.1
1364.1
5547.9
2483.2
6733.5
9479.8
6961.8
7109.1
7280.5
7599.5
334.2
195.4
9643.3
2691.9
246.0
961.2
2437.0
3346.9
5637.7
4579.2
3330.9
6164.6
3866.7
1591.5
797.6
2526.4
4308.6
52.3
62.6
3633.5
3161.8
910.4
8915.7
8603.7
6978.7
7152.6
3008.1
2620.7
6776.6
9666.2
6145.6
1870.0
8027.2
8399.4
2187.2
4665.1
8696.5
5029.5
5356.1
3833.6
5177.1
5668.3
1713.5
4586.9
5305.2
4200.2
9980.2
2350.5
5466.5
9155.9
2531.0
459.6
4252.3
6838.7
3015.5
4917.0
7274.4
7570.9
7519.5
8515.6
2171.2
5580.7
7291.7
5403.9
4508.4
5674.6
4997.3
8747.8
7914.0
5692.2
8641.8
720.6
1647.2
3049.5
9685.4
4339.4
818.0
7680.2
852.4
4215.2
2283.5
6458.6
2761.7
5425.6
529.1
867.3
2991.5
498.1
6627.5
8356.2
8784.3
364.4
2907.8
2044.7
6755.2
6588.4
1937.4
2687.4
4904.9
579.1
2275.0
5213.6
4825.3
1123.5
7537.9
9043.5
8228.1
4093.7
7966.2
5118.3
3754.8
9730.3
6502.8
6338.8
8357.9
2642.5
8647.8
8718.5
4908.5
9921.4
2732.5
2518.6
1186.9
6277.3
4437.2
2101.6
4141.8
5636.3
4110.9
1612.3
3188.1
9312.5
7371.8
4478.6
7451.8
8942.9
2993.8
7585.3
7412.7
5760.7
8479.8
8536.0
641.7
1544.7
9241.8
3077.0
8611.1
1594.3
8424.1
3684.0
9685.1
5987.1
1844.2
8156.2
4222.4
9493.2
8076.9
1548.9
4960.5
483.5
6619.3
9093.3
1634.0
269.4
7948.2
8645.7
8995.3
1927.1
4770.7
4349.4
6484.8
6145.9
9286.8
1265.5
5509.0
7493.3
4076.2
3578.9
684.6
9692.2
7470.8
4039.6
8247.1
8752.7
2307.8
2782.0
2360.3
9683.0
130.1
3029.8
855.5
3361.6
5678.7
2769.5
2519.7
7529.9
5210.5
9109.5
8994.1
4245.0
885.2
1619.9
9170.3
7505.5
8331.6
4713.9
9347.9
2358.2
1690.6
2451.3
4821.7
7507.1
9652.3
6915.9
4673.9
6161.7
6372.1
1391.5
8248.0
9808.8
7390.7
6083.0
9548.9
603.8
6503.0
6951.0
3198.3
2398.7
7841.7
9883.0
7405.2
524.5
2316.5
6458.2
9708.9
4578.9
7576.6
9064.8
5679.5
9706.4
5225.9
2243.4
1931.5
101.6
8507.2
4293.1
8280.5
9148.7
6407.3
4759.6
895.7
9572.6
126.3
2945.5
5585.4
3983.2
6025.3
5108.4
5293.0
5392.5
7903.6
9394.4
3057.9
6477.6
4622.4
3974.6
9130.3
5073.1
4106.4
715.8
7817.9
529.7
4273.6
1957.9
7128.0
7572.9
7441.8
293.7
1292.7
7547.0
1950.6
6419.1
9109.1
2302.1
7704.8
3027.6
1869.2
286.6
5557.1
7604.4
8395.5
8836.3
3169.3
4433.2
4440.2
5802.9
4270.4
9247.6
1226.8
952.6
4311.7
3504.0
7329.9
4357.8
980.8
5231.6
8187.0
2500.7
5820.1
9803.6
3028.0
9716.0
1216.7
8646.7
3227.4
6527.4
5273.5
514.0
9131.3
576.9
3712.4
8531.3
2330.0
6203.5
9117.7
9899.0
1095.7
1185.4
5194.9
1853.0
201.1
1212.4
7519.3
3484.0
5889.5
271.8
8535.0
5274.6
1022.4
4967.0
7513.8
7298.6
4019.2
3252.1
945.9
8884.1
7098.8
2259.8
6612.9
1859.8
5448.5
2877.2
6629.3
4547.3
3055.2
9835.1
1227.7
6177.1
401.3
4732.4
909.0
5093.2
7792.8
8594.8
5896.3
4378.5
2639.3
5993.5
1854.9
461.2
9511.2
8514.1
5828.9
6513.7
1939.7
6528.2
201.9
2386.2
7197.4
5447.6
760.1
8914.3
1730.8
4617.4
2530.7
6590.0
5471.8
9269.6
3656.9
5374.9
5302.3
1774.8
3853.3
4259.3
5982.2
575.7
361.5
4212.5
8900.2
5386.2
5958.2
5689.8
6982.2
236.6
3878.4
7930.8
4780.7
2377.7
5567.6
1811.7
8014.4
5067.4
7566.5
6796.0
3918.3
4339.4
9606.3
2827.6
9048.0
2250.8
8347.2
3712.3
6449.1
8475.1
3820.9
8738.9
6764.2
7803.3
2845.8
1091.1
9879.8
5924.9
9316.8
3571.0
2811.3
9814.7
6268.7
8676.0
3489.9
4025.6
5356.8
9489.8
3132.2
8293.1
3850.5
8678.6
6039.5
4744.8
1991.2
2779.8
4716.0
1809.1
5754.7
9409.2
8732.3
9161.2
5286.6
1212.5
7749.3
7572.2
9290.2
7457.4
6177.2
7563.7
8218.0
1171.2
7670.9
5914.6
3833.0
6595.2
6168.0
3294.9
5088.0
5300.7
5542.3
2563.6
5379.8
5638.6
8875.5
916.4
8996.2
8341.8
6383.0
3930.3
6568.1
9474.2
6481.5
4035.5
7106.2
1941.0
8747.2
3709.0
6434.8
3694.3
1066.8
753.4
8271.7
9148.9
7651.0
4331.4
2492.8
6426.2
9800.4
7622.7
8687.7
4271.8
3252.5
7844.5
987.4
7061.5
127.2
8031.8
6641.9
7313.2
65.3
1207.9
2542.7
10029.9
9342.2
6241.6
1672.1
3499.9
3576.2
2529.6
9339.7
4229.4
8119.5
2120.7
1217.8
2911.4
476.0
5200.2
3927.2
7205.4
7640.4
3003.6
5284.2
4010.4
3390.9
9231.3
9567.9
9341.6
505.4
8908.0
3330.0
1032.8
9771.9
6698.6
4356.8
106.0
8977.4
1423.2
9228.9
4227.1
924.7
8447.6
7593.7
2675.6
3525.7
1584.8
1562.7
6540.8
168.2
6358.9
1224.4
8390.7
593.1
2016.1
5666.1
3343.9
640.1
9941.3
6697.0
8739.5
7014.4
2133.6
91.9
6258.4
1001.9
1479.5
4814.6
8102.9
8635.3
5770.3
1571.5
4002.2
3364.1
2111.3
2410.7
1146.8
2441.6
3223.5
7667.9
6473.0
9642.1
4279.3
10081.4
5889.0
7986.0
4055.1
695.5
7954.0
309.0
8234.7
1953.5
2667.2
6090.8
9147.5
1668.0
10035.0
8372.8
7465.2
3657.6
5712.9
9216.1
7877.1
1610.8
4849.9
6525.8
2445.9
6665.1
5148.0
6751.8
9470.9
5338.2
4120.3
8403.4
6106.9
8659.9
5446.5
4685.1
8335.0
5088.0
1820.8
4030.3
319.2
2792.6
9606.3
7387.1
9330.1
3750.8
7854.4
7150.9
9188.0
5912.5
4456.4
8722.6
3187.8
3349.1
5887.3
4088.2
5988.9
7072.6
581.3
4482.7
9443.0
306.9
8693.3
4548.5
7606.8
3965.3
984.5
6086.9
5339.9
1464.0
8464.6
8481.8
7499.3
5801.2
1924.6
6470.3
1870.8
6381.7
361.3
373.6
5296.2
5730.5
3409.9
9829.3
8469.8
4507.3
6016.7
4232.7
1112.8
7439.9
5718.9
9858.6
6310.2
3098.7
9589.1
487.8
5925.2
8123.2
2877.1
7627.7
4090.4
5090.4
5155.6
2716.8
8991.5
7334.9
2729.1
208.9
5994.1
1110.1
1077.9
3771.3
3958.8
2299.8
806.4
556.2
4051.1
7481.8
7396.8
2207.8
2561.5
3124.0
7470.2
1532.6
8621.2
3210.8
9067.4
4348.8
9068.7
2357.0
9695.1
5521.6
2459.5
3366.1
6779.4
3166.3
4543.7
9022.0
7165.3
3760.6
5929.2
55.4
6780.5
3065.7
9692.2
9299.8
2459.6
1583.9
247.5
2408.2
7676.6
5959.6
744.7
1587.0
6291.2
3273.4
1641.0
640.3
1272.0
3532.0
1720.6
4077.9
5852.9
4549.2
8982.5
7120.4
9905.2
463.9
2373.3
1809.8
6205.9
9070.1
1845.0
8312.0
1802.6
9099.3
3545.7
6213.2
9259.9
9855.3
5547.5
6602.8
1848.1
9279.2
4189.2
8528.1
5481.2
5824.0
2684.2
955.1
8440.2
7492.3
1882.4
502.7
485.3
3324.3
7211.9
7984.1
8894.3
6582.6
9724.9
4097.5
7202.0
4550.6
1877.1
991.3
6593.9
3584.4
1056.1
6373.5
4092.8
10079.5
495.7
8173.5
1941.3
7677.3
4483.1
6691.4
2764.7
708.8
3345.6
4223.4
951.3
6687.9
8218.0
8607.8
1019.0
2119.4
2243.4
2825.9
3176.9
9682.7
444.4
38.6
476.1
1362.8
1844.6
1727.6
2136.5
7891.5
7467.0
7298.5
5211.9
8463.9
93.6
9726.4
2696.3
5249.4
8850.6
2935.7
7807.3
8236.5
2937.5
2317.0
2245.7
6252.5
3609.3
518.7
2714.5
8777.2
7073.3
1910.0
383.6
6820.1
3486.6
9064.8
9130.9
4168.0
9150.0
7854.2
5283.6
2040.2
8969.3
7503.9
6469.7
6549.8
3041.8
2129.5
4722.2
192.5
4092.5
2871.8
2590.4
8810.4
437.6
1173.3
912.2
7586.3
7019.6
4963.0
4771.3
4493.6
562.9
8883.6
8933.1
3348.0
888.7
8317.3
3660.7
2013.7
2794.6
5064.1
7441.4
2692.7
5780.5
1936.5
3873.5
5922.4
6686.1
1103.6
2311.6
2317.3
9599.0
7150.2
6460.6
9160.2
8777.9
8112.3
1022.1
773.3
924.6
8609.8
1163.9
7981.3
7488.6
5288.8
3831.9
2114.8
2829.9
9565.2
10075.0
2268.8
6367.7
9433.1
4444.0
1650.0
4736.8
9536.8
5568.2
9986.8
926.4
7186.4
7940.1
4430.7
1087.1
1448.8
5499.1
4827.6
2501.2
4980.4
818.4
950.5
1059.8
7207.7
5092.5
4482.9
6473.5
9307.2
7602.5
4429.6
439.5
6302.3
93.2
1418.6
4899.7
3244.2
381.7
7071.3
8193.4
8576.2
4267.0
9802.4
6378.5
5078.9
9951.3
7729.2
1058.9
2729.8
5544.6
3067.9
3394.8
6457.1
4290.5
3159.8
5486.0
6804.6
2211.0
1063.1
8189.2
1979.0
5181.4
4694.1
4577.2
7818.2
6959.5
6094.1
3084.0
3545.8
9484.6
3936.0
117.7
3780.4
7814.6
8382.2
5630.6
1112.9
9582.1
7390.3
9749.4
8596.4
2205.8
1221.6
1746.7
5938.4
8720.9
5772.5
8583.4
2464.9
5279.3
9296.1
4014.2
5685.1
9960.0
2531.7
2656.3
71.5
3270.4
7471.9
7820.2
7360.8
5025.5
6663.5
2257.8
5000.8
6007.4
3200.9
8282.1
2926.0
3647.5
177.1
3160.1
4905.2
1251.7
1396.5
2290.8
486.9
9468.9
7196.8
9250.3
5282.6
7735.6
9906.3
8546.1
5751.4
2436.1
1864.5
1680.7
9706.4
7281.0
5796.0
724.3
6402.3
58.8
3808.5
5430.8
6112.8
5989.7
3198.7
9469.9
9547.1
3272.4
3165.2
900.2
1779.7
1332.8
3314.4
4318.0
1274.6
5979.5
5468.6
6981.2
1978.0
665.5
5877.0
8911.2
1366.4
6414.5
781.5
9780.5
8980.8
7546.6
8026.2
6783.3
8852.3
4221.9
7145.5
8668.2
6834.4
4196.7
584.3
1682.4
9883.2
4825.1
3279.5
6058.1
5697.7
2679.5
1015.7
4347.2
7358.1
9400.1
2042.3
5000.9
7668.3
4060.3
6419.9
9734.8
8390.0
6531.6
2513.2
5700.1
7041.9
936.7
2614.1
6015.1
1024.3
2347.9
7919.4
10047.5
8966.8
170.4
1373.6
2987.0
7002.6
5340.3
8171.6
959.8
6013.1
6793.0
9946.8
5398.7
5155.2
1413.2
9787.5
7845.3
6219.2
8468.2
4752.2
5544.2
1017.0
922.7
5590.5
3623.6
976.0
1313.3
782.0
7620.9
5267.8
7753.4
418.4
5665.1
4977.5
1417.7
1785.5
8992.0
1794.1
4329.4
3065.3
4674.3
4521.1
2280.7
6377.6
1217.9
258.9
1692.0
7735.5
4296.1
2230.8
7038.5
4341.5
1215.2
9524.2
9245.1
3240.7
4552.6
9541.1
5808.3
5453.8
2902.7
1554.9
9639.4
6843.4
268.5
3695.8
915.7
6572.7
2717.1
4756.0
309.7
277.6
6337.1
5565.1
6033.8
325.3
8328.8
929.5
4966.9
667.0
3166.6
3197.6
6720.3
2914.1
327.5
6639.3
1088.2
4132.3
5128.5
7146.0
8050.1
6758.9
4571.8
1639.3
3740.2
1830.5
5553.7
8305.4
549.1
8075.2
3225.1
1303.7
1122.1
2483.1
2378.9
5529.1
4099.3
651.4
1593.8
7117.3
4553.7
3065.9
1609.5
8291.5
3135.1
1753.0
8509.4
1518.0
9820.0
9373.0
8566.2
601.5
847.4
6765.2
1012.9
422.6
9385.7
5605.5
3187.8
2999.4
7313.0
5403.3
1436.2
6730.5
4276.2
6256.2
1510.5
7366.5
652.3
2661.8
4508.3
207.1
6467.7
1079.1
6756.9
1730.3
7796.7
1758.6
6203.7
3775.6
2058.8
6584.0
4727.1
1061.0
6334.2
6446.8
7107.0
4796.9
4149.7
4617.1
5005.7
9359.5
4030.5
2738.5
4625.6
8039.0
6826.8
4290.5
5193.9
756.8
9963.7
8758.2
6739.0
654.2
7248.8
942.0
3601.3
8842.9
4481.2
3198.8
9537.6
10003.0
9328.8
451.9
6813.5
793.3
6237.3
6076.7
1159.3
580.0
9876.6
8180.2
7136.6
950.3
9405.7
8367.1
8200.4
3879.8
9213.1
3179.7
2088.7
2131.9
2841.8
2539.6
9833.3
5543.0
8702.2
9142.4
9936.3
7488.8
7840.8
450.4
4273.7
5180.4
8207.3
9165.6
2075.4
7130.2
7680.5
52.3
6459.6
9643.8
3417.3
9545.9
10092.8
9107.1
1107.0
3575.2
7150.2
6005.4
6506.8
3108.2
7024.8
310.5
2638.2
5045.1
1240.4
1181.1
82.0
3499.3
9896.2
4989.7
5381.8
2996.3
7400.9
4646.4
8602.5
6151.8
5207.4
9337.3
6894.8
9707.4
3616.0
4523.3
7502.3
6560.0
3182.7
2114.3
7295.0
2405.2
6400.7
9875.3
6849.4
4094.6
2259.5
5788.1
1693.9
3053.1
859.2
559.6
8041.8
8776.7
6158.3
6958.4
5803.6
1392.8
1173.5
3254.3
6782.7
6813.8
3857.4
1936.9
7891.0
1168.3
5276.6
4750.3
5138.9
5239.4
5277.6
1768.4
490.9
6196.8
3840.3
5096.5
203.9
6136.7
7765.2
1053.5
8767.3
9421.9
3522.6
8511.9
6848.1
2067.0
4250.0
1217.1
780.9
4708.7
5972.7
8675.8
4947.4
6475.3
511.3
3020.7
8539.9
8644.8
8445.3
3932.8
10018.0
7246.4
1719.0
594.7
6483.4
7257.0
430.0
6465.0
7992.6
9233.0
8956.9
3311.9
2891.3
6629.9
5736.0
7675.8
1309.8
3939.2
3821.0
6937.6
1582.5
5040.8
6464.4
5687.6
2901.1
307.6
7515.7
246.9
7567.2
6365.1
6712.5
9212.1
69.9
8267.5
4674.5
431.8
4264.6
8154.3
8808.3
9591.6
7284.6
343.5
6710.7
5940.9
5877.2
3414.1
2093.8
4972.7
1252.6
6055.5
522.7
2481.9
7853.8
9982.7
379.5
4650.1
9532.5
3934.0
420.0
6169.5
5260.9
6320.1
1515.8
5005.3
6016.0
2426.3
430.0
2113.0
1170.5
5591.5
6590.5
3749.8
2926.5
8526.0
9606.7
8666.8
6028.1
573.1
5017.3
6301.4
6845.8
9718.2
5790.9
921.0
1553.9
3023.9
9653.3
1015.0
5400.7
7634.8
6977.3
3777.0
747.4
9297.0
1627.8
7246.2
801.4
5521.8
1958.9
4460.8
7654.0
2048.9
8430.3
6506.5
1985.9
1402.6
6047.4
6902.4
1622.9
3355.0
7779.7
9903.8
6009.5
6831.9
7593.3
208.4
580.1
9346.3
2162.2
8860.2
4696.7
5574.8
1718.2
503.0
3286.3
8787.9
3007.6
4185.0
1284.5
8007.9
6519.2
4828.1
9622.8
4871.2
6424.7
7548.2
621.7
6177.8
8328.1
138.5
1265.7
3057.7
2182.7
5240.5
5314.9
5197.9
2131.1
9454.1
7948.6
8473.3
8424.8
4728.2
404.2
1737.2
3580.7
4562.4
1160.4
3525.1
1467.2
5332.9
6285.7
9002.9
5877.1
7615.4
2073.8
5387.4
2543.2
3176.8
10027.2
6778.6
9452.6
494.4
6754.7
6510.5
6482.8
141.8
638.7
10007.9
4825.5
2746.4
4888.1
7200.0
9027.2
1949.3
9998.8
2881.7
5019.6
2504.2
1561.1
7338.6
4683.7
8230.4
9614.4
6885.7
2638.5
6886.3
7921.1
742.4
836.5
5739.0
1779.9
6002.7
3972.3
7704.7
473.7
9264.3
7913.4
5406.7
4682.1
4885.7
4414.6
8837.0
2442.5
5171.7
6693.7
1673.9
3676.5
6253.2
6525.3
4496.9
9864.1
8596.7
6671.8
1077.6
3758.7
8331.2
2462.4
5162.3
2279.3
1789.1
5415.4
504.9
9880.7
2369.5
7026.7
9696.5
5127.8
1324.2
9904.9
3834.7
2083.8
7066.9
3112.6
427.6
4475.0
8510.1
5595.0
7288.3
8302.9
8436.4
9643.0
3588.2
2769.0
8952.2
5110.0
3668.1
6300.9
4200.9
4295.0
793.5
5218.6
9021.1
9924.9
5342.3
9440.8
6761.8
7005.2
3303.6
8707.4
1667.2
769.1
7109.2
8190.3
6387.4
9641.3
8768.7
2409.6
7799.7
10013.6
7638.3
9116.2
4632.3
2840.1
4284.7
3045.9
82.0
1679.7
6052.2
9620.7
6494.0
2291.6
7770.0
7884.4
179.6
4204.9
1282.0
55.5
7104.4
9183.6
6670.2
9690.1
5284.1
5752.0
7119.0
7167.7
10012.7
2523.0
3708.2
4491.8
7226.8
3394.7
3869.9
3352.7
7507.4
9782.4
9139.1
9127.9
5247.3
1484.2
1159.9
568.8
1263.9
3758.4
1594.1
4123.9
6094.1
2516.7
6636.8
4330.8
9330.6
5421.5
4183.2
6911.8
4095.7
6940.9
9273.5
9669.0
8632.4
6994.6
3209.3
2535.6
5072.0
2402.4
2905.5
7096.3
5467.1
4157.8
4912.0
2352.8
8234.8
981.4
683.7
7135.2
206.7
3442.1
3535.4
9942.2
7813.6
3243.3
9749.2
5639.4
6210.7
186.2
8472.6
5766.3
54.6
8364.7
917.9
226.1
4915.3
5047.2
7370.3
6692.5
7281.3
7852.0
7518.5
5953.0
1007.0
1368.4
9160.0
7839.4
8358.8
521.9
8902.7
8010.7
4113.7
6742.5
4305.9
1390.6
5083.5
902.0
8942.0
1088.6
4612.7
4909.3
7082.1
984.9
3008.5
7338.2
5199.1
1989.5
8915.6
1301.8
8960.2
4785.1
5058.4
6389.4
5981.6
3904.7
8365.0
66.2
6131.5
230.7
1810.7
4948.2
7092.4
10018.6
3787.8
5374.6
3648.0
3703.5
1924.8
4585.7
9262.3
9237.1
9662.6
1724.6
174.5
4800.4
337.8
7128.2
156.7
3375.0
8018.7
1025.0
2070.3
9572.0
7709.6
1957.4
8061.8
7428.1
4631.2
404.0
5536.4
4293.9
3618.8
6564.5
1536.2
7124.7
2493.9
447.6
10078.8
6781.2
7515.3
6457.0
2839.2
4596.1
10029.6
1672.3
1862.4
7903.7
1058.2
9223.4
7410.2
2517.2
8250.6
478.7
2330.2
3209.1
3065.1
1061.9
9381.3
7917.1
3383.3
1711.3
9245.6
7944.9
8750.8
5456.4
1868.7
6453.1
8833.6
3816.6
5688.4
6601.8
9135.3
10032.3
343.3
783.3
5764.6
8251.6
7635.9
4047.3
3634.7
604.2
9937.9
4848.2
6476.8
4398.9
5389.2
2341.4
4725.3
8142.2
6820.4
6280.5
1354.5
3580.7
5423.5
6495.1
5943.9
9243.2
9712.7
9510.1
4981.5
233.1
657.7
10044.1
2633.8
3007.5
7407.6
6665.3
18.4
3143.7
4806.7
245.9
6585.2
8973.9
168.5
8805.7
145.5
2495.0
7918.0
3183.5
5607.5
8329.6
921.0
7178.8
1261.7
1755.5
8790.2
4941.7
4860.5
3318.7
9616.4
8817.2
9607.7
4291.6
6009.5
2891.5
5584.9
733.4
8378.6
9438.7
7387.7
3875.8
894.6
573.5
7898.8
7941.3
10011.1
4227.6
4963.1
1632.8
9658.9
6578.1
2918.3
99.8
3271.4
5773.0
6697.6
8801.2
5279.0
8863.6
1387.6
1566.4
3784.3
7196.0
3256.4
7331.0
1822.1
9344.5
9843.4
6592.1
598.5
3566.7
204.1
9962.6
8383.9
9169.1
7663.9
6528.3
2604.2
6508.3
2982.3
2967.2
6977.5
2224.9
3498.7
8541.4
1994.9
2609.1
8625.8
9287.4
4239.6
7760.6
9769.3
4611.2
2237.0
3331.5
4924.9
2208.6
158.0
8481.9
686.6
3627.7
161.5
8931.1
5896.6
8872.5
855.3
9662.5
1361.7
3096.8
1421.9
9753.6
543.2
1283.0
4137.2
2516.6
1495.3
6390.9
9964.8
5329.9
1772.0
8347.9
9269.2
6969.5
9340.9
4968.0
10005.2
1199.8
2235.0
5505.9
9212.5
8859.1
9905.1
2028.3
5762.8
2198.2
8463.1
3526.4
4038.7
8482.8
7696.8
8122.4
7552.6
3610.1
4275.6
9169.3
4098.3
9712.9
8300.2
7114.0
928.3
9539.5
8248.7
271.1
8374.2
7644.6
7786.0
9697.0
2776.5
8699.8
2244.1
9700.6
9693.2
5686.3
4853.9
9927.3
6403.7
9158.1
3905.8
9053.4
4844.0
1087.6
8205.6
9849.4
2107.1
3349.5
5218.8
6221.8
4737.1
8698.9
1139.5
751.9
7240.7
1172.3
9864.8
2929.0
561.5
9698.3
6858.6
1133.7
4085.3
1232.6
2659.4
4855.2
5258.3
4330.4
1365.6
3046.0
6329.3
6516.3
5304.7
260.9
5919.5
5903.6
8190.3
5314.5
5848.7
5240.9
4338.0
5007.3
4247.0
2181.0
4861.1
3339.4
8183.4
2118.4
9537.2
5973.7
3117.9
8414.5
4311.6
4451.7
4833.5
2389.2
4330.3
988.8
3430.1
6334.1
6488.6
35.6
7666.3
2910.7
4069.5
3978.8
2172.2
7592.8
6676.5
3991.2
6283.6
136.9
8834.1
7984.2
4679.8
4914.8
7838.0
5074.6
2018.6
7186.0
8224.7
754.0
1271.7
7741.8
1073.4
7156.6
2017.6
4206.9
1590.8
5242.5
7551.5
8372.8
7630.3
2572.5
3718.1
43.7
3874.2
4063.5
5681.6
4844.1
1954.1
1961.7
3364.9
2481.0
6828.7
733.9
7552.7
5870.9
1429.0
9380.5
6890.9
3475.1
9902.4
5695.2
2995.0
1320.5
9795.8
7281.0
2643.8
6888.6
2311.0
7937.5
9259.3
3575.3
3433.7
911.4
9917.8
4541.9
2264.4
788.1
2283.5
7408.4
1848.1
8162.1
2924.4
9302.3
7330.2
1251.7
9309.8
1526.8
5447.9
4053.5
5864.5
9907.6
6575.3
4114.2
2261.4
6762.3
137.6
5353.9
1455.0
8117.5
6351.5
2989.4
3040.4
6041.8
3617.0
345.0
4887.2
44.4
84.8
8366.1
4955.2
4006.1
6572.6
9965.3
8547.6
5731.6
249.8
2601.9
497.4
775.5
1071.1
5420.0
4626.0
7142.4
6380.8
6055.8
5737.5
6189.2
7374.0
4663.6
7634.0
3660.9
4627.4
3152.7
2895.1
8518.6
1211.9
6386.3
3979.1
1904.6
6834.2
6250.5
1384.0
6128.2
7736.7
7225.3
7581.1
6564.2
6040.1
2241.6
1394.5
9009.6
7498.8
2691.0
3029.2
5580.2
8682.7
7005.6
1429.3
9410.1
6094.8
8212.3
9712.0
5169.4
8468.5
8592.6
201.0
9467.5
4023.6
969.6
8513.9
7428.2
2363.3
8254.2
6857.0
4058.7
1671.7
4915.4
4478.1
7001.2
6652.1
2802.4
8029.4
5990.7
683.3
9869.2
6444.1
9025.7
9212.4
1199.0
6193.7
7103.1
1516.9
9930.5
1569.6
1789.0
8112.8
7547.1
9420.1
7154.8
5277.4
3215.9
5394.8
5102.3
4411.4
6725.6
2289.1
1048.7
2253.3
790.3
7635.8
4018.2
6818.7
680.9
8034.3
3464.6
1340.5
5022.2
1000.4
9612.7
4043.1
912.5
5833.6
3782.7
6972.1
7225.2
1560.9
6484.1
6390.0
7531.5
1730.3
7546.6
3550.6
7251.8
4423.4
6540.9
8831.6
691.9
7807.4
7731.7
5739.5
7628.5
2859.3
4649.9
8992.9
5296.7
603.2
6167.3
1367.1
270.7
6887.1
6429.0
2194.1
1641.4
4290.6
729.8
9451.1
865.4
4220.1
2874.4
9313.8
4748.6
3571.8
7285.0
8724.9
9351.4
3536.5
8374.1
5386.2
4166.4
5754.1
3234.1
108.4
5668.1
3399.3
9425.5
8330.3
3736.1
7246.7
8370.7
4851.9
3666.7
4141.4
7339.5
7195.8
2917.2
2469.5
5847.6
3472.5
2408.6
7670.7
1403.9
7464.6
4062.2
6026.0
517.0
5572.7
3336.2
5056.2
31.8
2786.8
7665.9
2102.7
3651.8
3897.8
8547.2
3400.6
6559.0
4974.1
2327.7
8606.5
5310.9
3446.6
8080.3
7257.2
562.6
4954.3
2082.6
4456.7
8394.5
1974.8
726.6
3893.6
6449.9
2799.9
5400.0
879.9
838.1
4739.9
4585.5
3295.0
2646.5
252.9
7906.1
8376.9
73.6
6069.5
9094.1
4908.8
7358.8
8989.4
2723.7
9162.6
7220.0
572.8
7151.7
4715.9
9823.7
8160.4
7882.0
3499.2
7306.3
8398.1
501.7
6851.5
6639.5
9935.3
1914.4
3065.9
8405.9
4500.1
6782.7
7068.4
7033.4
6014.0
8718.2
4462.7
837.8
7044.0
7860.0
2135.7
1047.3
7203.8
9670.1
8982.1
3674.2
9451.4
9751.2
9610.1
3985.4
2806.0
8633.6
5008.8
1193.3
7209.5
611.0
6329.1
825.5
10010.4
8755.5
9321.4
8692.5
6861.8
5759.2
3102.3
1001.9
5223.7
573.3
2902.0
9104.8
3454.6
7799.1
683.8
6561.7
4190.6
5186.5
8336.0
5408.1
6207.3
1727.0
721.7
7094.8
4643.5
3624.6
3825.6
2702.6
2120.5
6558.3
8256.4
9416.5
4422.3
3733.9
747.1
6133.5
4459.2
6892.8
3893.4
6506.8
808.7
7939.1
9306.1
4976.4
9610.7
3031.3
2427.2
7121.9
1859.5
3753.8
8399.4
5940.4
2093.3
1294.6
5118.8
8674.3
3482.0
10040.9
9031.0
5.9
7367.5
1839.4
6877.5
40.5
7166.0
7722.1
9574.6
5360.4
8223.4
5214.3
6077.3
2822.1
2327.1
3898.6
2989.9
6218.5
3052.6
7157.8
5485.7
1936.7
6383.2
1043.9
655.9
7890.5
6461.0
5241.7
9588.6
8220.6
7868.9
9410.9
6860.8
240.7
5314.0
1121.8
8954.2
10005.0
7978.1
5591.7
8283.3
394.3
4164.5
5637.5
5361.1
8349.6
6257.1
5028.9
2707.4
6721.5
5258.1
3375.7
4069.6
9859.3
8716.0
4534.8
4368.7
5956.3
5635.2
9384.2
1315.6
10025.9
4991.9
5761.6
2498.8
6843.9
3273.1
1918.4
2706.2
4504.6
2638.2
9746.3
3537.7
7271.9
9169.1
7276.9
5012.7
627.9
5179.8
4798.2
10006.5
8657.1
6382.1
2372.5
5744.9
9413.0
9992.0
2391.4
3669.9
7899.6
6395.3
8654.2
5278.4
5296.6
8954.4
5256.3
6630.3
4564.6
2552.5
5442.3
2980.5
3788.7
8515.8
3857.2
7975.3
3235.2
332.8
7052.2
6112.9
5196.5
141.3
2433.6
5475.4
4214.1
4787.4
8524.2
4812.5
641.2
6012.9
2577.4
1903.0
6068.5
1248.4
4893.2
486.4
1663.5
210.3
6004.1
1267.3
9589.7
8681.8
1438.6
7153.6
3647.9
2086.4
6349.9
4298.7
522.2
6183.6
1378.1
5509.2
4504.2
1110.2
7665.9
3145.7
79.1
2849.3
7414.6
5157.3
6589.3
9672.5
4627.7
7689.0
1999.0
2476.9
8689.8
6314.7
4066.7
5456.8
3509.1
1921.4
7423.5
6426.5
9986.5
1150.3
69.3
7702.3
7410.7
1804.5
8195.1
9646.4
7721.6
6339.9
9790.5
8211.8
3524.6
498.6
9195.6
5323.4
3537.5
112.1
9294.1
7737.6
7652.6
10016.8
7247.5
3156.6
7440.2
477.4
1101.0
7858.4
7421.4
9019.5
5244.3
6481.3
3310.1
8441.6
9377.5
3030.5
8542.3
1095.6
3428.7
6975.6
5751.3
9862.6
699.5
282.2
5168.9
1383.1
586.4
3602.3
1783.1
1700.8
6772.7
1727.1
6567.8
7363.3
1888.0
7025.2
7298.6
3217.4
6385.2
385.2
522.4
1699.3
219.1
5739.8
4332.3
2631.1
8954.2
1913.8
5426.9
10060.6
543.4
9909.1
7342.7
7881.2
8749.1
8636.5
3586.4
5706.2
704.4
6868.1
7152.6
3847.4
4638.2
4417.8
8509.9
4021.1
8041.8
3337.0
1142.0
4390.0
3201.1
6640.4
3983.6
4242.7
6225.1
9005.9
8771.1
3548.3
7056.3
9835.4
1873.1
2827.4
1573.5
1858.2
4393.4
3602.3
7704.1
1258.1
8314.5
9697.8
3620.8
5195.5
7045.7
5065.9
5285.6
6965.5
8206.9
5070.5
10002.2
1025.4
564.8
6683.0
4566.8
33.2
3386.9
2099.0
9423.2
6952.1
5400.3
5594.1
9510.3
817.0
5786.3
8857.0
2079.8
5531.8
9823.5
1092.4
272.0
5265.3
3983.1
1903.9
3867.1
8419.0
2601.1
8198.9
4949.2
4398.1
4191.4
5761.4
9752.6
3743.0
5320.4
8503.9
1429.0
8743.6
5232.1
1059.0
4833.7
9721.4
9085.3
6249.9
2914.0
6658.1
4477.0
2857.0
5919.1
7505.9
6921.8
8015.7
5796.8
4048.8
4732.4
2313.6
6461.9
8103.2
9468.4
6498.3
1759.0
10066.4
7074.5
1970.3
6342.6
7984.5
2078.1
7707.7
4726.3
2289.9
2426.9
7087.2
3508.9
3295.5
3386.0
9144.4
7950.5
8220.3
10056.7
7814.2
2360.1
7090.7
9975.8
1953.7
7410.8
5050.6
1983.4
1091.6
570.9
3098.4
6086.2
1493.2
8495.5
3842.5
3195.0
7676.7
7977.9
852.4
3670.9
8488.0
4233.2
3614.4
4703.6
373.1
6894.6
1139.5
2946.5
2357.6
8083.6
7312.2
8834.8
6106.6
5039.7
5968.6
1103.0
6904.1
4502.7
9548.7
5136.2
7304.1
8744.1
1268.9
8102.5
8219.0
2549.5
6170.1
1233.3
8682.3
7459.0
4022.9
2241.5
959.8
6966.5
4180.6
2155.7
1959.7
8476.4
9392.3
1702.2
6478.0
3593.1
4618.1
3792.2
6654.8
7353.1
6590.1
8908.3
852.8
3505.8
8548.0
9610.2
4119.3
408.5
3172.1
8093.3
7765.0
1004.0
3659.5
6950.2
2879.1
8229.2
8465.8
7653.5
1777.2
51.2
1098.9
9474.0
8077.5
2190.5
154.3
7952.3
7160.2
714.1
3855.1
8259.9
7639.5
1436.3
7579.7
8657.2
6027.6
8478.5
7648.2
9747.6
7563.7
2086.2
9542.6
9137.9
1.6
2739.6
8105.5
9586.4
6109.0
4146.2
5313.1
3897.2
1596.9
909.3
607.1
8588.4
8848.8
545.0
3510.9
5280.2
8531.6
8378.9
1901.4
4055.9
6370.6
447.2
4250.0
3300.3
9542.9
3990.3
6721.0
2075.9
8826.9
6029.1
10006.7
3653.4
4641.1
3160.8
4663.8
6246.8
6664.2
1458.9
2875.4
8558.9
5119.7
9900.5
7694.1
8688.7
7335.6
6131.1
3956.5
9078.2
199.7
56.0
8056.5
618.5
2282.7
9644.6
578.5
7597.2
8323.8
5190.1
4491.0
9510.5
1198.3
9871.4
1538.4
5523.0
1032.2
73.8
8113.0
7987.2
790.9
1578.2
2316.0
1733.4
9731.6
3790.4
1674.1
9113.7
8762.0
564.2
4757.1
5331.8
8540.6
6374.4
1243.6
4333.4
4802.4
9629.4
1389.4
2008.0
1678.8
3064.3
2523.7
1129.1
2495.7
5006.4
3559.4
3019.8
1188.3
6166.1
2253.7
5324.9
1503.6
2720.9
189.9
7779.0
8878.3
4452.2
8168.6
8349.6
4334.2
8059.1
8564.5
2899.5
512.9
3607.9
6931.1
5481.8
6564.6
5210.8
8894.8
6496.2
10035.6
3833.0
4093.2
3752.2
8092.4
250.9
5964.3
2388.2
7178.6
3684.0
3839.8
8297.2
3675.1
1460.1
4928.5
5497.0
4696.8
7769.6
5339.7
7537.2
4727.4
7944.2
5486.0
7378.6
2991.9
5010.7
1681.9
1326.1
4592.7
7157.4
9276.7
6164.9
7629.8
1027.4
1531.6
4374.6
8880.4
2285.7
5293.0
5542.2
3404.0
8240.9
6023.8
8388.9
2870.5
705.8
6772.0
3168.6
6021.4
4142.5
486.9
2697.4
4714.2
9988.8
2511.3
4985.3
165.9
5179.6
3653.0
9340.5
6439.3
8070.4
1558.9
2518.2
9170.5
4205.5
2895.6
1439.0
9993.6
5004.1
4115.2
6599.7
9489.0
5491.6
4954.8
6181.5
3804.5
4750.2
3417.4
5076.7
8768.3
3346.3
9946.9
5478.1
9738.5
2652.3
4181.8
6028.0
701.8
1015.2
8158.9
4041.2
8527.8
8813.5
7922.2
8458.9
3329.8
9135.0
10004.4
6854.7
460.1
8392.5
9833.6
6290.1
7949.5
4178.7
4107.4
5876.9
7879.2
5715.3
8895.4
4392.1
2662.7
7729.6
7894.8
9257.7
7191.1
7083.1
6591.2
5732.5
5177.8
2044.1
5677.8
8661.7
9497.1
849.3
8139.3
6089.2
8319.1
4869.6
6386.6
67.0
889.8
5797.0
1082.6
9111.3
6045.3
7873.9
4851.4
6857.0
3216.2
1867.2
5460.1
8.0
7043.0
2874.2
2939.4
2491.0
6782.9
2101.4
3615.4
3398.0
1254.1
254.5
3353.8
3272.8
8036.4
4099.4
9357.6
6558.3
8368.2
5550.3
4015.5
5074.4
1346.2
356.8
2271.1
9879.9
4792.5
4135.6
7579.7
4661.0
410.9
6281.3
3468.6
9563.5
3381.5
5190.4
9751.3
4803.6
3578.0
2735.8
5719.6
4038.8
1777.7
3032.2
1014.7
544.2
5147.0
2151.3
2253.8
9235.7
4771.0
8264.4
5075.2
2475.8
8020.3
5488.8
1056.7
3877.7
8578.5
5315.3
8175.4
1045.6
5920.4
5621.9
4405.6
2285.8
4501.4
2948.1
4812.0
8440.0
7255.4
2474.7
7712.8
4750.6
3816.5
1597.4
1335.9
1094.7
3375.2
6805.9
1870.7
4207.7
5809.4
3472.3
1112.2
8789.3
5532.8
634.7
8570.4
1950.2
9544.4
7301.6
9073.9
1223.2
4074.1
9830.2
4542.0
9732.4
4322.1
6833.5
7090.4
10047.3
7025.8
5451.0
8177.7
6805.6
9135.3
7346.5
5421.2
5502.7
6296.3
1954.9
3384.7
5118.3
4382.7
6019.2
5439.7
1173.0
37.7
2756.0
8939.7
10048.8
3368.4
9879.5
5033.5
7874.7
1475.1
9372.9
5567.9
4136.4
7153.2
8382.5
256.3
5368.1
8213.4
544.9
7717.0
9186.7
4376.8
7003.6
9156.8
2225.2
6.8
9368.8
4534.8
7370.9
9429.1
4536.8
7488.9
1683.3
10042.7
1711.7
7852.3
9711.1
7549.4
7188.7
8679.0
5292.5
5729.9
9441.1
288.7
705.2
5984.1
8243.9
5812.6
4686.0
8853.6
8096.6
10068.6
5520.4
9872.3
7743.7
1470.3
8060.2
857.2
9613.9
3273.1
4415.9
5909.3
2710.6
2938.9
8652.6
3355.8
3393.6
534.5
2138.7
360.1
6045.6
3961.2
3361.7
9136.6
2291.3
8569.9
8805.5
4142.9
8078.7
3202.1
155.4
8589.0
8263.1
9138.2
11.7
9209.9
1151.8
2161.6
6728.5
1480.0
684.6
7426.0
4156.9
2333.8
8732.3
6994.8
5968.3
5479.6
1324.5
7835.0
4583.3
7800.7
2210.9
9063.8
7368.3
3497.1
5176.1
4414.3
133.9
7690.2
4385.0
7793.0
8482.5
1012.7
9939.3
2045.8
5638.5
6118.3
4482.9
2496.4
9324.9
4768.3
7411.3
6075.3
2651.3
1493.3
2998.2
7898.4
3528.8
3240.6
7917.6
9202.2
221.8
4629.4
5464.9
2623.2
1617.6
9680.5
9407.2
9016.3
633.0
6542.4
1257.0
9850.9
4491.0
4434.6
9347.7
9269.9
6166.0
4319.5
49.8
2108.2
7797.4
8796.1
1676.9
6617.7
10039.0
7250.5
1489.6
8238.2
1025.1
6939.0
9574.6
2614.6
9515.7
971.6
7710.0
4036.7
7321.3
3434.2
8748.5
3643.7
9837.6
4320.0
4940.2
7686.1
8199.1
7773.9
7826.2
6311.9
5561.8
8567.6
4400.7
9418.6
5681.6
2874.9
2772.7
5709.6
6755.6
7520.3
2163.7
444.8
3656.7
3147.0
8851.1
7091.1
7335.3
1118.5
4865.3
9202.5
8981.6
2530.1
8645.7
2117.8
628.7
6456.9
5977.7
7062.4
4778.4
1033.9
3383.1
2673.5
8383.7
4556.0
9059.3
9514.7
8038.6
8544.0
3303.4
2377.2
8212.0
9747.8
3995.2
5620.5
6574.7
2644.6
5848.1
2549.6
9161.5
1688.4
9987.1
7094.4
5332.9
5598.0
3207.8
4567.1
95.4
8923.0
9247.8
5952.7
1686.5
3556.4
5776.8
3630.9
3962.6
3418.5
7738.7
5248.3
9960.4
1257.2
1104.7
9938.4
4529.6
1335.7
297.8
4599.8
2858.7
7265.5
7017.9
4142.1
610.1
3024.2
5727.7
2317.2
1782.5
9260.0
7566.4
1332.1
5953.8
1395.3
4.1
7042.5
7646.5
4768.1
5161.0
5912.0
4489.3
8671.1
1986.4
5859.6
3470.7
3548.9
279.3
2208.8
1946.4
9173.7
7715.3
7127.1
7022.0
700.6
8710.5
4715.3
1918.2
8637.8
5736.6
2739.8
7753.7
5064.5
2580.7
3204.5
129.8
9692.6
9018.0
9251.1
7188.1
9498.8
2204.2
601.3
6266.5
2580.1
5392.3
3830.3
8178.6
3002.8
9122.6
4715.8
2867.5
4225.2
7561.5
4930.7
8337.4
4204.0
608.7
5489.0
574.0
1457.9
6021.5
8541.8
229.1
9194.1
3295.6
3078.3
5695.2
1913.6
4057.5
5422.9
6839.8
4696.3
7196.8
8033.4
6036.5
7376.0
9872.1
1167.1
6695.7
9185.1
3640.8
7917.7
4427.5
1482.4
6947.9
3941.8
8506.6
9280.3
9495.2
1194.9
5898.8
306.5
2283.9
1561.7
8365.9
7715.7
7339.0
6675.6
496.8
2241.5
7172.5
8581.5
8025.5
2320.8
2830.4
3429.9
9415.4
9073.9
7758.6
7473.8
456.4
1853.0
5138.6
630.2
4564.3
1493.9
1949.7
6605.9
174.3
3288.3
37.9
4600.1
1875.7
6829.6
6281.1
9995.8
9569.0
318.9
1872.4
2475.4
6912.5
5276.0
9219.0
5691.6
2579.4
221.8
3771.5
970.6
1756.9
8898.4
8232.9
2130.3
8691.8
1910.3
980.4
8178.0
9023.3
925.1
6692.5
7082.5
8308.7
2632.7
6045.5
1890.6
9840.7
7017.9
26.9
6774.0
4175.8
6453.5
7324.9
8392.7
5567.5
7260.4
8706.4
9765.0
8735.8
5474.4
8592.4
7897.1
6742.6
6584.1
9543.3
4261.2
2569.8
2067.3
5362.4
4669.8
3309.8
4093.3
3350.8
8701.6
7573.3
7746.0
4868.7
4741.4
5055.9
1478.3
3086.5
7776.7
4079.7
7562.3
145.5
2675.4
5670.4
4716.6
9288.6
7657.7
6780.4
3367.6
3750.2
9189.5
3598.5
7589.6
2733.9
827.2
7474.3
7568.4
4838.7
8001.5
5610.6
9821.4
5848.0
7979.1
9074.9
4769.6
4767.9
2710.6
7991.7
19.6
9907.0
6507.2
6402.1
9508.2
2085.2
1875.9
4054.8
9812.4
6766.1
4616.6
8805.9
94.9
4246.2
1485.3
8011.1
986.8
5350.5
3254.3
8131.6
3018.0
3318.4
8131.7
6332.1
1059.9
665.7
6213.2
8239.8
5518.1
9843.5
394.5
5405.1
4739.7
2578.3
2634.9
2229.8
4954.7
6671.9
3732.3
8241.3
9244.7
7233.0
1427.6
9840.2
2333.0
4984.4
8214.5
5768.4
4764.1
5555.4
6789.8
9708.2
9985.8
9781.7
6020.7
7903.2
1598.9
3555.6
5758.0
6484.8
8735.6
3362.4
926.6
3512.5
3871.9
7021.3
9888.3
7987.4
8730.8
3799.3
9506.2
4908.7
9001.7
636.5
4608.8
3590.5
2052.0
5248.9
4920.5
8215.3
3467.6
9647.8
8638.7
2973.7
7511.6
1460.0
8517.0
638.1
3828.7
7842.8
2323.0
2637.3
5976.3
9582.3
8293.5
127.1
2941.5
6762.9
2742.8
8720.7
10075.1
8619.5
2053.9
4001.1
6060.0
4226.7
5418.6
6548.3
4824.6
9026.8
5111.2
5595.9
176.7
407.2
7099.0
610.2
9570.8
3558.8
3576.3
8099.7
3997.1
3072.7
3282.2
5483.2
3861.4
3750.9
1944.1
1347.4
4072.3
5713.0
5387.8
8697.5
8816.8
3194.8
5846.7
812.0
1425.3
4679.3
3332.5
3421.3
3644.4
750.2
8604.4
5664.6
6124.3
9496.9
62.0
5432.6
1025.8
1339.6
8835.5
7449.5
9259.2
2583.6
9344.1
308.3
5717.8
7120.6
1732.1
9327.3
9751.9
5560.4
6479.8
8841.0
7211.6
8861.0
3085.1
1922.1
3000.8
185.3
1502.1
9301.4
4416.3
3467.9
1746.6
7963.4
6683.4
139.6
8147.5
2361.0
9043.8
5904.4
1644.2
3853.7
3109.6
4469.3
3860.9
1667.5
3844.2
9543.3
2053.6
5057.1
2572.1
9286.1
1736.4
2440.7
7116.8
9658.8
5058.9
2863.2
8909.1
148.3
6449.7
3387.5
9216.0
4160.6
9781.7
699.8
2291.1
4487.1
1157.0
2926.8
3863.9
2266.6
839.2
7242.5
1756.4
8692.5
2500.8
3786.9
116.4
2225.5
6318.5
4899.0
4732.0
592.3
6968.6
9120.0
6436.0
5290.2
892.4
9962.1
950.1
3872.0
554.2
9389.1
4939.4
2099.9
8930.4
7232.6
10094.0
4757.3
1320.9
2034.3
5446.6
601.7
2745.9
3136.4
7440.7
3566.4
5928.6
9310.7
3332.4
7982.2
3233.2
7530.0
5301.3
3737.2
7239.4
4077.3
4358.8
7912.9
3130.9
5684.0
9426.7
6423.9
9873.3
5207.5
5631.1
5046.7
8404.9
9952.2
428.1
5157.7
6688.6
1173.1
5625.0
1432.2
6584.5
2274.6
3831.8
5569.2
8809.0
5314.7
4464.6
3445.7
9106.9
8012.1
1122.2
9022.8
4223.3
6455.0
9706.9
5626.3
5504.2
9231.2
2357.1
4962.7
106.4
5124.1
4078.5
9684.7
6233.1
2623.2
1337.6
6104.9
6910.2
3287.4
6234.8
9386.9
430.7
3311.5
4271.0
6602.7
5675.3
1541.0
7167.4
1105.5
2358.4
1062.1
6419.1
4283.6
3479.0
4237.3
6388.0
3059.9
4579.0
4002.2
6119.2
8800.8
1172.4
2910.8
2401.8
1337.1
6938.6
1663.1
6571.3
3226.4
7486.0
4116.7
2544.1
3575.6
7210.1
478.4
6415.6
6004.0
6583.4
6937.1
1740.5
6590.5
3003.6
6638.7
5822.4
7360.1
1026.0
5784.4
9358.8
7815.3
9669.6
9720.9
4060.1
9456.0
3007.5
555.2
2615.5
5594.4
4222.5
227.0
7056.5
6622.9
4540.5
7587.7
6213.2
353.6
3121.4
715.8
9021.6
1791.4
4672.9
1302.1
21.8
7581.0
5895.3
3273.3
2881.1
5637.2
8137.4
6455.5
8414.8
605.2
9689.6
6264.6
5789.1
9942.6
5779.3
10080.3
4761.6
1443.6
2084.9
6996.5
705.4
4992.1
911.3
4914.4
9023.5
9931.5
5456.1
742.5
8785.1
9738.5
7748.6
4675.0
5404.7
4756.1
6722.4
5595.3
3161.7
5659.8
7955.4
4952.1
2390.1
1808.4
8955.6
3255.2
227.7
3028.0
6969.6
1433.8
736.8
7932.2
8350.3
9110.4
2099.0
7144.1
6992.3
2056.8
5162.4
1309.6
947.6
4933.9
1811.2
8064.9
9748.3
3633.6
10011.4
7509.1
9175.5
8398.3
3362.0
8828.5
2751.4
1029.4
4363.7
3944.5
7510.8
3041.1
3580.1
9968.3
3772.1
7748.9
3812.0
9992.2
6812.6
5988.5
1349.3
6004.6
257.5
251.2
4590.2
8629.2
8148.2
810.4
7283.7
4653.8
6074.1
2810.3
7035.0
7476.3
3496.0
2314.1
3411.5
6322.6
6196.6
962.7
1288.1
3740.4
732.2
3988.5
5473.0
3697.2
3415.6
9368.3
1828.0
1411.4
8422.0
3938.4
7629.6
8384.4
4197.5
8915.5
988.2
8260.9
5638.5
3162.0
8644.4
6257.5
7636.6
4792.4
4475.7
6220.3
3141.3
6490.4
1117.8
4323.9
8174.0
9990.7
7533.7
6148.5
2493.5
1693.9
5257.5
2675.0
7892.1
4146.3
3779.1
3691.9
2076.4
5447.1
2210.3
8127.0
3124.0
4781.2
4863.1
1201.3
5339.8
772.8
3988.6
4264.0
3750.2
2340.2
2045.5
5631.8
5288.2
2731.0
1370.7
6196.9
7838.8
1732.4
1842.1
215.1
5308.7
8912.4
6895.1
8590.4
1958.0
6321.6
763.7
44.1
6855.2
4133.3
6472.2
7890.5
9110.6
5481.7
1678.1
8960.3
5257.8
5044.4
283.8
8468.7
6723.6
1075.2
8852.9
9903.8
596.7
6874.8
3250.3
7469.5
4582.7
5069.0
7157.0
8110.9
9166.9
2379.9
7397.1
7197.9
2178.2
9135.2
3258.6
208.3
8076.5
8363.6
6769.8
6897.4
1488.1
2490.2
6946.7
4875.2
2641.1
1132.7
5637.0
8049.8
8010.2
8251.6
3858.9
7135.9
3390.2
7185.4
1872.1
9612.8
6773.6
5374.8
7587.2
9949.0
5899.2
3429.4
2408.8
4823.6
9525.5
8670.4
7270.3
2520.3
9971.8
3131.8
6800.9
8230.6
5941.6
9376.7
4573.1
8181.9
9823.7
358.6
5242.0
812.1
5531.5
8752.1
9096.3
7365.2
2161.9
306.1
916.4
7389.1
3522.9
6519.1
3362.6
3379.4
9421.1
3658.0
6591.1
5801.9
845.6
4238.5
5135.9
6960.2
2862.7
3597.8
4471.4
1619.5
4794.1
629.4
1752.5
8575.9
7720.2
2504.6
9966.7
9180.2
3167.3
4395.7
2266.9
7257.2
2623.3
9514.3
7819.5
389.7
2821.1
9300.8
9033.5
8071.8
7133.2
6747.3
750.5
2379.3
7264.6
6114.4
7586.8
4650.4
3987.0
3380.3
9257.7
6234.3
9671.7
2315.1
6718.0
5505.2
737.8
528.0
2013.3
6339.3
3937.5
9389.6
1809.0
298.8
1645.9
4480.2
3684.9
5285.6
6664.5
3886.4
9322.0
3180.4
9770.8
3967.3
8787.3
7760.5
8177.8
6242.4
8860.4
7183.5
598.3
5607.6
3749.2
8575.7
9710.0
6130.3
6284.3
8889.4
5786.8
1462.0
2715.0
7641.7
2802.2
6623.1
2146.4
3935.7
5577.6
7448.9
5539.2
3420.9
8466.9
6920.5
3931.7
7824.1
5366.8
4104.6
5282.4
2151.2
1559.3
8772.4
8833.8
4885.6
383.8
6873.6
1031.5
7052.6
1290.0
3643.3
4720.9
7186.1
603.4
8845.5
6556.7
3024.9
9063.1
5817.3
4274.0
1666.7
1229.7
4262.1
4953.2
9579.7
9168.7
8876.5
6828.1
9618.5
618.6
3847.3
9288.4
6944.0
3389.4
959.5
6353.2
401.1
3098.9
2868.9
6924.4
1502.4
7193.7
2747.5
9313.4
8285.2
2534.2
5529.6
937.3
5922.0
2246.4
289.3
3505.0
911.7
7661.2
688.6
5162.1
9404.7
7668.3
5167.5
428.6
1376.6
577.2
7072.6
9915.0
3957.2
1781.6
8065.6
6842.7
5830.7
539.1
375.5
1193.1
9910.3
2803.7
8760.7
4334.4
751.4
8523.3
2725.3
6037.8
5113.2
1766.8
6723.2
7912.8
4893.2
4980.2
1590.7
622.9
5100.0
3208.3
6143.3
8001.3
9323.4
2436.0
9648.3
5088.1
4384.8
5551.0
5900.2
5365.0
8185.4
9933.1
7347.8
677.0
7749.1
5895.3
8773.3
651.7
5064.6
1363.3
1065.8
8588.2
5132.6
5182.5
2843.8
4542.0
851.1
459.6
7241.9
4386.7
3888.8
7305.3
2456.5
4905.7
3232.4
2653.1
2267.5
5172.5
3205.3
9156.2
1845.7
371.5
9533.5
3142.6
1713.5
3701.3
4351.5
6217.2
7738.8
3933.8
6918.1
6108.7
647.5
389.8
1560.6
6164.4
6221.1
2143.5
6205.2
6717.4
8023.0
8748.0
8636.1
6621.7
8294.4
3650.1
4663.0
517.6
981.8
5527.7
1156.7
3067.7
2397.4
8443.2
310.9
2083.7
9355.5
8514.1
544.0
506.2
8824.1
8085.6
345.7
3119.3
5553.0
5012.3
867.9
8893.8
5708.5
8278.7
2428.0
4356.9
5562.4
5601.3
5692.9
6259.0
10085.0
1389.6
9198.8
9237.8
8928.6
3261.2
4201.6
2843.0
4378.0
2257.5
1653.2
5983.5
1418.3
6431.2
3864.6
8812.0
7612.0
899.8
906.5
2163.9
6974.7
995.5
671.7
693.5
3930.9
6006.1
3282.5
7056.7
1510.5
5444.5
9739.3
7709.6
7924.9
2491.2
2460.5
9800.1
6541.9
2417.2
2686.9
1588.8
3380.4
7017.7
7403.8
7712.6
3457.5
8842.3
9215.1
8437.6
8251.0
4486.9
8162.5
4700.9
7523.4
608.6
1123.3
4573.4
4553.6
3709.2
6018.1
3601.6
3363.4
9850.7
3066.3
7944.7
6803.0
6749.7
4122.0
4062.6
122.5
4654.7
8888.5
4512.3
3312.7
940.1
8527.1
3425.7
1011.0
5737.5
4824.5
4396.0
2768.7
858.3
3813.3
730.0
9939.9
1201.8
5618.9
1403.4
7147.1
7823.4
4302.0
2287.3
1950.4
539.1
2820.4
1887.7
1571.5
7883.9
4225.1
8481.2
2050.1
829.7
9209.3
5113.0
7409.7
5984.3
8181.1
5079.0
5685.9
5169.1
9050.9
5835.2
161.4
239.7
4910.4
8151.0
9102.5
949.1
3629.4
8082.3
3595.8
2787.8
9152.4
8343.3
6169.1
5024.9
2059.2
6324.0
8074.4
2559.1
970.3
7905.2
7335.0
916.8
1075.5
1891.5
9412.3
5238.3
9986.1
1755.1
1911.0
8722.7
9470.7
4767.9
7246.8
7182.6
1728.2
3639.8
6542.9
9070.8
6397.5
2694.1
5283.6
715.5
2311.4
298.3
1269.3
6326.6
5682.7
9104.0
1985.8
8003.3
6445.3
915.9
317.3
6608.2
1500.9
7527.8
6546.0
6724.6
5447.9
6717.1
9893.1
9490.4
3879.7
1088.0
724.1
6774.5
8411.9
3220.0
6052.2
889.0
9255.8
1175.8
7613.8
582.5
1249.8
2198.4
3640.4
5038.9
3522.4
1886.5
1284.8
316.0
1847.3
9575.8
3719.3
9466.6
4561.8
9817.8
6234.6
4857.9
2789.5
6210.5
1921.4
153.0
142.5
3504.3
8442.0
169.6
2988.4
5213.2
9790.8
3356.7
5569.5
6368.7
5269.4
4772.3
1523.6
3761.6
7839.0
2805.2
2835.3
4122.0
5403.8
2109.7
9685.7
106.4
1761.5
5957.1
6978.5
9559.2
6736.6
1689.8
2290.9
1822.7
1088.3
5167.7
1222.5
5181.6
1.9
688.1
1621.8
4896.9
6485.3
5905.8
3957.7
10026.1
9258.8
5648.1
2545.0
1341.2
4561.6
4686.0
6677.6
5670.3
1428.3
7603.3
2126.9
3167.2
6067.1
8489.9
6575.9
7587.8
5311.1
4807.9
9754.5
3861.2
6008.6
1107.1
3774.1
9558.7
8008.8
9491.3
2391.3
378.2
642.2
9203.5
3025.1
9851.9
931.4
4478.8
6076.3
2023.1
3922.2
7877.0
7647.6
1572.0
9355.3
5498.5
4964.2
8735.3
5197.1
9898.4
1345.7
8535.3
8571.1
5903.7
2574.6
2282.6
4.5
9559.3
6744.4
6210.7
7544.3
5060.8
7863.2
9837.7
6845.8
840.4
4207.3
6094.1
5721.9
8346.9
3394.4
8564.5
5195.0
6669.5
5997.3
1921.7
5481.9
6182.2
7834.2
2511.7
9194.1
3807.4
1179.7
7326.6
474.7
9885.8
1422.1
6174.9
1281.6
3900.2
4286.3
5491.6
9909.7
4841.0
2283.0
2631.7
8414.3
111.2
580.1
4294.2
4853.2
3682.8
4382.7
3964.0
4020.5
8343.8
8811.9
3298.8
303.0
1712.1
5751.1
8199.6
7269.6
6380.4
5589.5
1215.5
2990.4
9157.0
1170.8
6810.0
1967.4
9980.2
7286.7
1860.2
1139.9
9442.2
6292.9
3879.7
3466.3
4244.3
1593.9
420.1
8134.6
8755.4
792.2
8346.1
1963.9
6743.0
6390.6
9841.3
2828.8
3.0
820.5
998.5
5675.6
1079.7
3935.9
5980.2
1775.4
770.9
5300.7
1693.4
582.9
9609.2
1881.7
9960.7
9660.7
7725.2
7507.9
7708.7
574.5
1865.0
286.4
1174.6
2325.7
9017.9
2762.3
8169.4
1665.3
7265.1
7812.2
6275.9
2753.2
5019.1
7651.7
9694.4
7137.9
6517.0
3241.7
4662.8
6737.0
225.5
5749.5
4553.4
753.6
136.8
8702.7
1403.0
8877.9
6480.8
2344.0
6439.4
5425.0
9195.5
8007.4
5271.8
7087.2
1817.0
4531.1
9919.3
1526.0
6577.1
4192.8
9167.7
1936.8
4899.4
7994.9
10093.1
9981.6
8226.7
9121.2
6274.6
566.4
4353.6
1508.3
2308.0
6851.8
1557.1
2224.2
3032.6
6307.6
2893.3
7444.5
6398.5
1073.8
3607.9
8050.7
630.5
862.8
5005.1
4510.6
1105.5
1015.9
6403.0
2192.7
5867.9
742.4
1919.1
334.8
8409.9
5187.3
7529.1
9552.6
6768.3
3494.3
5149.4
3995.7
5455.5
3297.5
4519.8
1205.2
2867.8
757.2
2055.9
2791.0
8856.6
3768.6
9905.4
10064.8
2602.1
1008.8
5690.0
5654.8
6002.0
4406.3
3610.3
7590.1
3724.0
6847.5
8132.0
747.5
2853.7
6069.6
8320.7
1533.6
7392.2
606.0
2061.3
2426.4
723.3
9717.2
6635.3
9012.0
3912.6
5936.8
972.6
7885.4
9680.0
9203.8
2841.7
5982.3
3293.8
191.7
8994.8
4336.8
3485.4
3648.2
1971.9
7779.3
7655.1
2789.0
9609.0
3174.8
10037.3
9217.3
7631.2
5368.8
5367.6
9752.8
2320.6
6276.0
327.7
1945.2
8501.1
8267.1
7481.6
7111.0
7925.1
3640.2
7781.5
6638.0
190.5
5666.3
1247.0
7279.7
9107.5
8575.0
6756.2
6231.7
7254.7
1226.5
3803.2
5414.5
4245.2
1711.6
4017.7
4906.1
8080.0
3752.2
4639.2
3350.4
1124.8
4537.2
5534.0
636.6
3060.2
6804.5
2831.3
2192.3
6115.3
4822.0
2247.4
4099.1
6272.4
4094.0
3762.4
1767.4
3123.8
1416.8
8679.3
9741.2
3144.0
3049.1
2315.3
7339.7
8000.6
2743.3
8786.6
2188.2
1864.2
3665.7
1329.7
7497.3
3191.1
4602.8
6919.9
1195.0
3261.0
6537.3
2159.6
3438.7
7749.9
7478.8
154.5
2438.7
5463.7
5833.0
9025.1
5237.9
6434.8
2071.9
1890.4
2709.2
1059.1
4516.1
7515.0
5690.5
4396.5
8326.6
670.6
7908.5
1167.9
8705.8
597.6
91.5
6085.6
7862.8
3616.2
3968.6
4918.8
6868.7
4206.0
2022.7
6512.9
5051.7
8290.9
2931.6
9906.0
202.9
6676.4
2816.7
2142.8
4659.4
1359.3
4617.4
1599.6
4811.4
7933.6
4561.2
5757.6
3277.2
2102.1
2077.0
214.8
1669.7
2103.0
10011.2
2357.7
7427.0
9230.8
5114.2
7723.1
2946.2
1385.2
1756.4
4946.8
3309.8
5789.1
8474.0
5292.4
9160.6
9843.5
843.9
8720.1
7122.6
3922.3
6187.7
7817.8
9427.5
5247.0
3169.7
3370.4
6428.9
4148.4
7550.8
4289.5
8453.1
8353.6
6998.5
2705.9
225.6
2546.9
2166.0
3173.9
4989.6
6013.1
4023.1
1270.3
9728.0
3242.7
6555.8
8479.9
6188.2
2964.5
7629.2
8891.5
3307.5
6041.2
2315.3
8705.1
525.7
7396.8
4704.2
9490.1
2445.5
7065.7
8397.3
4935.7
5929.3
9756.9
1756.7
9217.7
5576.5
886.3
9513.4
9728.8
4366.9
2156.7
2352.0
4682.2
9449.5
1295.9
8808.2
6172.3
7293.0
4562.0
2809.0
9926.5
6070.6
7505.6
9942.2
2778.4
3298.4
3889.9
492.4
5282.2
2314.1
134.0
697.2
6054.5
3059.8
2885.6
4763.8
2964.9
9584.2
6641.8
9515.9
875.6
3012.0
5027.8
4492.6
7521.9
7042.4
4216.0
4794.3
5706.3
962.2
2272.9
7197.4
6137.6
2980.0
6014.9
8752.5
9566.2
3341.4
1123.5
8236.7
9991.0
9799.8
8556.0
7203.0
7131.9
880.8
9559.4
7474.9
9398.9
9161.1
5400.1
5275.8
646.0
7171.7
1834.1
9776.2
9294.1
8758.9
2838.6
835.0
6225.4
7880.2
8117.0
4197.4
9395.6
2224.4
5585.0
4515.5
340.7
2591.4
8035.6
3334.4
7868.1
6908.2
156.4
2610.6
1010.7
6137.8
8700.2
8560.1
6844.4
7491.9
7764.0
8717.0
45.0
902.2
1051.9
1239.2
726.7
1569.8
9915.9
5028.8
2080.6
7128.6
7081.7
2171.4
3400.5
3968.0
736.1
6013.3
4909.0
4712.8
3148.8
3254.1
1405.2
5801.3
3584.8
9486.1
4070.8
2375.7
3485.0
6381.2
6234.4
2448.5
378.9
1148.8
1008.9
233.8
2630.6
837.0
2940.3
550.0
3049.6
7347.4
6838.0
3289.8
1914.9
6137.5
359.3
7371.0
3132.2
805.3
9606.2
2488.9
7590.1
5972.8
8288.7
4647.7
9011.3
8829.8
3078.8
2341.2
8683.2
1962.5
6355.2
10043.3
3252.1
3880.9
3105.7
4381.2
6749.7
6723.4
7637.2
3882.2
7262.1
8669.1
7060.7
931.6
6024.6
4738.5
1648.3
528.3
39.6
7001.6
2597.6
2927.8
1941.1
5951.2
4081.0
9525.7
1416.6
1908.8
8241.1
4861.6
7873.5
5421.6
6186.2
9740.6
3432.2
8253.5
9694.3
2387.1
8321.3
1838.8
8993.6
1180.7
6239.0
9433.6
4157.5
6156.1
4946.6
1766.2
6946.3
2730.5
9089.2
1358.7
2160.5
506.8
7628.3
9579.3
182.6
2584.5
3498.5
7782.6
1608.2
3359.4
95.7
1544.9
3541.1
1637.1
3421.2
7569.8
9717.5
7851.6
2930.8
957.2
1511.7
2721.2
6170.4
9266.4
7449.8
3643.0
3878.9
3480.3
9171.4
5723.0
5668.7
2390.2
3102.7
2448.6
2655.7
8569.8
3863.4
2644.9
4622.9
2199.1
5688.6
8292.0
196.5
7033.8
3929.2
2565.5
350.9
9632.0
6982.8
9157.6
316.2
8080.7
2096.1
3050.2
5214.4
9603.2
1404.0
4282.5
6294.7
7635.2
6681.3
6510.2
563.9
5724.9
8644.4
6273.4
5319.5
7024.4
9160.2
6504.7
2565.2
7851.2
4733.3
7181.0
8221.3
3108.6
8894.7
1747.0
8569.9
2513.7
6783.3
9051.6
8576.3
3865.6
4350.4
7901.8
6190.4
7394.7
2428.2
3723.9
3004.2
7525.2
6196.5
8558.2
5321.4
6686.1
8345.1
3440.5
3184.9
7721.7
9085.0
211.1
7405.8
3110.1
6097.6
3492.8
242.6
8003.0
7559.8
8176.1
2455.6
9942.9
9665.0
3486.8
3345.9
4970.6
7241.9
3041.5
6978.0
2939.1
4649.4
3550.7
6743.0
3624.6
9339.6
6286.5
9353.9
2469.3
5330.6
9056.7
6288.7
5979.2
5875.0
3343.5
9498.9
4025.0
1817.4
329.3
8069.3
3964.3
5573.6
6978.3
2506.9
8160.7
9546.4
8205.0
8880.2
5853.2
4741.4
9350.7
5774.5
8452.2
7622.3
6308.9
974.4
450.1
1120.3
503.9
580.2
6292.0
3773.2
6299.0
782.9
520.0
843.6
5207.2
3306.7
366.3
5237.2
5000.2
6031.9
2778.1
1515.7
6621.3
9645.4
189.2
8325.0
2485.5
3442.1
8953.7
8340.9
9603.5
7834.7
8384.8
9809.7
3025.9
5842.6
7765.2
7147.4
8398.7
791.8
2882.9
5501.2
5862.4
7270.1
10039.1
1706.9
3282.9
3259.7
9163.6
4681.0
712.3
2580.9
2138.9
4651.7
6256.0
485.6
8550.0
4816.6
2296.6
6352.4
6790.1
6456.5
4977.6
2309.8
1011.4
252.2
5131.7
4711.7
3784.7
6215.5
2039.5
5570.5
9628.1
3140.1
8155.5
2764.1
6255.5
7551.4
1342.1
746.0
3508.4
907.9
2919.4
386.7
9251.9
8728.4
5629.8
3561.9
7985.0
7438.4
2896.2
2575.2
6982.8
5012.0
4932.4
3514.0
1046.4
1012.0
1596.4
6033.3
8327.4
7398.3
3586.1
749.4
2013.4
9559.2
6322.3
102.4
8345.4
3418.9
2387.8
2000.0
5385.0
9735.6
3296.8
6403.8
821.9
8852.2
5251.7
9416.6
5249.6
7689.9
3438.5
2316.5
8265.3
2367.7
4387.0
7472.6
4003.4
4923.2
8101.0
9212.4
587.9
7242.6
10036.3
3761.2
4474.1
3363.3
4229.9
9343.1
6010.5
7909.9
1087.3
8779.6
8296.7
6168.3
9117.3
5552.9
923.0
3875.7
4221.6
3274.2
8819.9
2741.6
1310.4
3952.8
6518.1
130.3
8985.7
8835.9
3259.2
5049.3
7907.2
5997.9
7360.2
5002.1
5043.1
4804.3
204.3
1865.1
4026.0
6495.2
6422.8
77.2
1635.1
931.8
4520.0
8533.8
5384.2
353.8
9413.2
39.3
5247.0
10035.7
8948.8
3048.4
7753.4
5768.7
1753.6
1908.7
8626.9
2753.0
2625.3
3428.8
5361.0
7754.4
5391.1
2040.9
214.9
5288.1
8380.6
7998.3
693.6
1967.8
2777.7
2483.9
559.1
267.6
4842.2
8252.3
7488.2
3582.0
10089.4
2111.3
7081.7
59.3
4194.4
2173.8
3083.5
732.5
3160.3
8530.8
2103.2
3353.8
3091.5
2833.9
4153.4
5280.2
544.8
1709.9
3706.5
2887.5
5979.2
5916.9
1234.3
9737.4
942.1
5164.5
1137.3
7415.1
5362.7
4306.9
3910.8
8888.7
9444.0
7194.1
2906.5
2560.7
1900.7
2502.5
6263.6
3148.2
2606.9
8645.2
9321.9
8762.7
1364.7
2685.8
2680.0
3617.7
7900.4
6139.5
3106.2
1126.7
2700.8
7000.3
8906.0
1819.5
6403.5
2685.6
1139.5
4470.7
9282.2
1330.4
3902.0
2288.7
7703.1
9871.7
3443.6
872.0
4321.1
267.2
9504.0
5715.2
5943.3
2605.7
498.3
8284.5
5758.5
8157.9
6962.9
3565.0
3766.6
2359.5
9097.2
2369.3
894.2
5247.1
7704.0
199.4
1115.1
5973.8
3888.6
3680.0
5275.0
8885.6
136.9
9215.7
7181.7
1355.6
2705.4
6118.0
6266.8
4284.8
8552.6
1343.5
3054.2
1733.0
5732.2
1705.3
7103.6
5191.3
6181.6
3562.3
9581.9
6118.6
4487.3
2534.8
5028.1
8181.4
256.3
721.1
9505.6
1860.9
7880.7
3762.9
3035.6
4302.5
8054.1
8207.8
3556.9
4133.8
899.2
480.8
8938.1
3448.8
7607.3
6866.1
6762.8
700.5
8786.1
8293.1
5087.5
9128.9
2130.1
4275.1
7539.3
6321.0
4735.8
7526.6
554.7
58.1
9825.2
8481.8
9406.2
3214.0
1614.3
6881.3
7017.2
8483.7
9796.1
2696.2
2871.2
8884.8
7270.4
8926.2
8048.4
5044.6
6815.7
6280.9
4907.4
635.1
1412.5
4405.6
5209.3
7509.5
7103.7
699.9
1430.1
4746.2
3076.8
7727.3
6803.5
3162.0
8139.1
8785.0
8526.1
4776.9
505.0
129.8
5427.4
1988.0
4766.5
4585.8
7406.8
3330.0
5926.0
6664.7
8980.3
4907.9
297.7
2567.2
8717.1
4098.3
3394.6
1626.5
472.9
8207.0
1396.4
2886.0
1338.1
1750.0
9758.3
2234.7
1225.2
9099.3
9329.2
4956.1
2725.7
1442.6
1350.7
2783.4
2791.7
2072.4
21.0
122.9
476.4
1646.4
4106.6
7152.7
4226.0
3636.1
3304.3
8715.5
4369.1
2456.3
3318.8
3050.3
3218.7
3810.0
1243.9
1506.3
9227.6
1193.8
3052.9
580.2
3649.4
9239.7
124.2
6827.9
2162.4
1698.5
8589.8
9280.7
2198.6
6734.3
3923.2
8530.5
5080.8
3663.5
7810.3
1159.7
2024.0
3388.7
1566.4
4850.2
5615.6
8754.9
3895.4
481.3
6479.3
6451.4
1106.9
5106.6
2807.8
9127.6
5016.0
2854.1
10024.8
6713.4
4312.6
8356.1
6191.0
6812.5
4703.4
8128.1
5449.8
9845.0
3061.4
5365.8
1246.6
5915.4
5772.6
3894.3
1963.3
3862.6
4715.4
9384.8
10013.1
9212.8
6414.0
1008.0
8187.4
3700.4
5204.7
7766.4
4607.8
1656.5
3906.3
7064.7
7865.1
506.9
9138.3
3098.5
2447.5
888.9
9835.5
3815.3
7926.3
10038.8
9555.3
960.7
581.7
6870.8
2914.0
4653.5
6925.1
2893.5
2610.7
9115.2
7734.6
5059.9
5128.8
8463.5
9371.8
2285.5
6159.5
4270.9
5934.0
9828.5
6709.6
2211.0
8582.3
4572.5
8974.6
6564.1
7028.1
8497.3
3465.3
5908.2
9087.1
7931.0
5460.9
6437.3
7660.7
8384.8
9343.5
2980.0
7089.6
7068.3
6133.2
9553.1
320.1
5205.3
8552.9
2905.5
8703.4
8348.6
6227.6
4364.7
7706.7
5830.1
3584.3
5112.7
3544.7
1466.9
6696.2
5475.4
385.8
1037.0
823.6
8197.3
4467.5
9780.9
793.2
9834.9
7345.2
8104.6
8351.4
5159.5
1593.1
789.4
1999.3
3964.3
2711.5
7261.9
3483.9
4820.0
3971.2
739.1
7239.8
9936.9
9321.0
5233.2
8005.1
4953.7
8157.9
3699.6
7327.1
5678.9
3203.6
6070.6
2739.2
8730.8
419.2
9753.6
750.0
2602.7
4115.7
2447.8
4362.2
5977.2
4025.8
2161.0
4888.9
5973.8
5988.3
1580.1
6475.1
4961.3
9410.1
7297.3
5801.2
9725.2
6776.4
3458.4
2486.2
3174.5
2622.0
4812.5
6259.2
1829.2
7496.7
2590.1
6251.4
6796.3
63.2
6965.8
2460.3
9824.3
9550.7
3464.1
2334.5
4227.3
193.8
6383.2
7031.2
4550.7
1110.9
5338.8
7065.5
4527.0
1425.7
3476.5
492.9
2128.9
9106.0
5320.6
3819.8
2806.2
9123.9
6157.3
8829.9
9945.3
9724.2
9255.8
1589.4
4887.6
4795.5
3164.5
2563.9
218.5
6183.3
8627.7
2063.8
5902.4
267.0
7171.9
4666.2
2097.8
5501.3
2979.3
4622.5
432.4
3545.5
9807.0
4112.7
6155.2
1882.6
5981.7
1135.8
1725.8
902.6
1472.3
8607.1
9425.0
6308.9
9613.1
2617.3
6746.2
8424.2
5946.4
1639.6
7556.9
8764.1
2468.9
6569.4
6243.6
672.9
4046.8
4341.0
7586.0
7772.9
3606.6
562.4
5599.9
9549.8
9775.7
904.4
8790.7
1792.8
8393.6
1344.0
4220.8
5300.6
4794.4
3302.6
2724.9
9968.3
4786.1
8314.1
7777.5
4627.8
1985.0
585.0
7359.1
4726.6
8981.2
6509.2
1892.6
4734.5
1872.5
9029.5
5131.0
3599.6
6034.1
6025.4
5339.1
6909.0
1177.9
3151.0
3605.2
3187.3
5715.1
2462.4
6978.6
7491.5
7447.2
6050.5
5734.3
9130.7
6935.3
5486.0
7339.7
5353.7
7486.2
9196.5
246.7
431.1
3837.5
6463.0
9255.6
9406.0
7322.0
7504.3
3479.3
650.7
2757.2
3397.9
606.2
3337.2
8664.2
3825.1
947.6
4809.8
5212.0
2059.9
9866.3
3475.2
5194.8
1876.3
8432.7
105.0
208.3
6332.9
3041.4
5958.0
6265.1
6135.5
3526.6
6012.7
1445.1
903.0
1712.8
1714.9
8764.9
1947.4
2787.3
4446.6
3076.8
7715.1
4378.9
5689.6
8477.2
2662.2
1466.5
7660.1
3670.3
6339.8
8917.8
7890.4
5993.5
2007.8
5433.8
6692.3
2816.7
3814.8
6671.2
5157.0
8273.9
9120.0
5342.5
2530.7
4661.6
6134.0
3433.2
7890.3
205.8
1656.2
5047.8
4263.9
6714.3
3058.6
1334.2
7654.2
2448.7
5778.7
9787.2
9132.2
5405.3
4827.4
5153.3
3210.3
8146.3
10084.6
8930.1
3589.4
1344.2
923.8
9740.6
6276.2
8636.7
3384.8
316.1
1170.2
3017.4
4362.1
2236.1
9149.8
7549.1
525.5
295.6
6471.7
6599.5
6887.1
4865.9
9177.5
664.4
84.3
5361.6
859.0
2610.8
5363.4
3093.9
8013.3
8447.4
1117.7
9529.8
6929.9
8507.8
4403.4
4656.2
4158.3
196.0
4296.9
1609.8
9851.2
7755.7
4801.9
4807.5
6746.9
5266.0
6854.2
2073.6
3324.4
7386.8
6320.1
1970.2
891.2
7135.7
6041.6
9671.8
145.8
1488.4
2889.9
4543.5
2947.0
4238.2
7078.6
6763.5
1857.2
1483.2
4228.1
6552.8
705.8
9284.6
6690.9
5135.9
7800.0
613.1
3679.6
9898.2
130.5
3352.4
2429.1
1766.6
7122.9
6961.7
3401.6
1791.6
2129.7
8589.1
9976.4
3484.9
3129.5
5108.6
2026.0
4952.3
3287.0
8672.5
862.0
5869.6
1152.9
8460.8
9720.8
7196.4
5162.8
6271.3
7069.4
9312.1
7740.7
9761.4
816.1
4260.8
6469.4
2720.1
3238.9
3589.6
3805.1
8867.8
6798.5
8841.4
1376.6
5023.4
3808.1
1677.0
7065.3
6516.3
7618.7
1312.5
2241.6
6121.4
4783.9
5600.8
8752.4
6134.6
7474.2
3628.1
590.7
1912.6
3873.0
2409.4
900.6
3564.6
8028.8
9327.5
1727.1
4255.7
1406.1
6541.3
4048.8
9466.0
9236.2
5816.2
4835.0
5530.4
7957.4
2139.4
3953.9
3738.5
3351.9
2172.3
6402.5
3065.8
6644.1
5195.4
2664.8
3647.6
117.1
7506.0
4592.4
485.2
4428.5
5838.9
4323.7
2123.8
3366.1
7566.4
7188.8
2716.0
6160.4
9870.4
8311.1
601.0
9842.6
1977.1
987.9
3530.9
6896.8
6484.7
8276.5
592.3
163.5
6827.6
6006.0
1410.9
8164.8
8782.2
4320.8
4372.5
9500.6
5537.8
293.6
7964.0
9143.3
1924.2
1248.2
1512.2
5532.1
9929.5
301.9
2936.1
5391.8
657.9
6688.9
4603.5
2910.8
3468.6
7754.6
1952.1
9089.1
3337.1
8475.3
505.1
964.9
5151.3
702.6
3808.7
4426.7
9469.8
6365.1
5346.5
8309.7
8163.0
2199.2
5365.5
8369.5
4399.2
2346.3
8978.7
5094.9
5562.6
167.9
6176.7
4519.1
5308.2
5490.0
2071.7
6901.9
2482.9
5778.3
4432.9
9632.8
362.8
5418.0
3961.0
1440.3
3988.6
4081.1
6769.3
8114.5
9997.0
5872.3
5102.9
1115.7
1314.2
6060.7
2785.0
2182.7
5187.1
8335.7
6591.8
3064.0
4271.4
8638.5
9058.6
2362.6
4251.4
1279.0
9142.7
7053.8
7837.1
317.1
4777.3
2989.8
196.2
425.4
7803.6
6777.0
6821.7
7256.8
9734.0
5499.7
6909.3
6858.5
5039.9
4668.7
2068.2
7377.9
5552.4
5426.5
3015.3
2852.0
6517.4
5836.4
7702.4
2184.2
1287.7
4023.8
7240.8
7010.1
6148.0
4695.0
1187.2
5855.9
6636.8
692.6
5902.2
2324.5
9893.1
7731.6
4798.4
5564.8
2249.3
3410.1
6912.6
4434.8
4057.3
1113.0
4366.5
5803.8
4167.8
9058.0
1546.2
4186.2
2676.6
3173.8
2059.6
3288.8
5517.2
6540.7
2231.5
5132.9
9880.2
7218.3
4339.6
2152.4
5332.1
1492.8
4696.6
4838.3
6406.7
9965.8
5907.7
5168.3
5936.9
8866.4
1174.2
4585.0
4090.8
9376.1
2239.1
5126.0
1982.9
4953.3
6099.5
2057.0
5629.2
10017.5
4683.6
7166.1
1550.4
844.5
2518.3
6914.3
1567.3
8591.4
6913.8
834.5
7962.3
6102.8
9719.2
9520.3
6997.7
8751.5
8779.4
1509.8
4334.7
2604.8
1082.8
1260.3
3600.6
5936.3
6386.2
3012.2
5213.7
3199.2
2334.6
2732.3
2774.9
1041.8
5932.5
1409.9
4129.3
10028.8
3831.4
4929.7
9062.3
3016.0
1275.1
9559.4
3117.3
614.6
6904.9
1017.1
8305.8
2650.5
9250.5
6408.0
6383.5
2054.5
8155.5
3964.6
236.4
6024.6
6202.7
7179.0
8927.1
4750.5
6161.8
7376.4
3041.0
5892.8
6020.1
8956.6
10062.0
257.2
455.3
7168.8
9363.2
4259.6
1644.1
981.7
6988.1
8163.6
9241.5
9111.7
9151.6
5710.4
1942.9
6198.8
2992.0
6454.1
4857.2
7995.8
7478.8
7918.4
4714.4
5477.1
5740.3
6313.8
3659.6
2444.7
9886.6
183.5
4586.7
4940.9
8195.8
7489.0
3954.4
2358.8
9999.2
7202.1
7110.0
1917.2
4961.2
294.1
10037.0
279.6
9061.0
714.5
5204.7
1244.2
7667.1
2005.3
9215.8
1642.2
3031.1
9264.7
2896.9
6918.3
5785.1
3679.2
1925.4
3922.6
2005.3
8832.8
6822.7
2685.1
4021.9
8058.2
6920.8
3796.3
7214.6
7909.0
6955.3
5018.8
3392.3
3488.5
1824.0
3956.5
4356.1
6019.1
785.8
3988.3
421.1
369.9
3873.5
6674.6
9370.2
9322.4
6750.7
4951.2
1754.2
1007.6
6161.5
9549.1
2243.0
5648.2
6567.2
5701.7
63.9
4577.2
929.8
4734.0
6313.6
2404.7
688.2
4828.6
137.0
2071.9
9537.0
4186.1
229.2
7502.6
8588.2
1924.7
4642.2
4441.8
9998.4
3550.1
1629.4
9220.5
8679.6
2890.1
4840.5
5455.7
6703.7
9478.1
971.3
6045.0
4684.4
1077.6
5668.1
1842.1
1152.6
4578.6
9246.5
2598.9
3719.7
5194.8
9570.9
6851.5
4070.4
8644.2
6759.0
2455.0
4618.1
10052.7
2722.2
1114.4
7056.4
2109.2
3188.0
8171.2
2495.7
8134.6
4074.8
178.6
3245.7
6304.7
4654.1
5975.0
6963.6
4675.7
1558.0
4622.0
1087.0
949.0
5496.8
9370.3
9636.8
9368.4
3176.1
7959.0
3813.6
8300.6
5568.9
1819.6
8251.7
8937.7
2143.1
5512.2
3260.0
947.3
1881.8
3640.8
7716.5
3573.8
7599.1
6861.7
8551.1
1433.6
7685.2
2339.8
7459.6
3134.4
4691.3
4007.9
4161.3
3225.4
1727.3
6788.8
9570.8
4606.4
6704.0
5301.1
3578.4
2698.7
9173.6
1365.8
5447.9
6145.2
7397.0
9481.4
6500.9
269.1
8619.6
8234.6
6948.8
4251.3
2993.8
2132.8
2843.9
5616.0
4867.9
2016.1
4836.0
8717.7
3169.0
2721.0
9543.0
2675.7
9075.6
80.9
6983.6
8611.4
5965.7
4504.3
7586.6
9115.3
5259.3
5814.5
6155.2
9340.4
5752.9
8681.1
3831.5
3722.5
5667.1
4635.0
7215.8
1887.7
3634.3
1834.3
4580.4
1166.5
8750.7
9197.4
4169.1
7527.6
8788.6
7117.6
4916.0
3759.5
666.1
9364.4
7063.3
1317.7
8912.2
702.0
6315.9
3787.3
8819.6
9779.5
1016.7
5856.0
5844.3
1967.9
3644.8
8746.3
6669.6
8375.5
1437.3
4133.9
9825.6
9012.7
2469.4
7796.9
2191.9
9516.2
9851.4
2504.7
9795.0
7817.9
844.4
4447.5
9285.3
1693.8
7917.9
7110.2
1810.1
3624.1
7460.7
5649.4
2895.8
8694.7
8826.0
217.5
1408.8
7922.2
7681.8
7457.8
1662.5
1871.0
9554.6
4922.6
2187.9
6188.8
9345.3
2856.2
9766.1
429.1
3786.0
5642.8
1055.4
1260.6
8989.5
3391.1
6834.3
3331.5
9702.1
8209.8
7133.2
3889.1
7147.3
1098.2
683.1
7931.6
5014.8
5962.3
8521.1
5548.2
49.0
4589.9
1868.5
2753.8
8312.0
10045.1
3759.4
3777.8
9340.0
8547.5
9785.0
8947.6
5246.8
2083.5
1032.9
6387.9
3833.7
4714.2
8040.7
6359.2
158.2
7021.9
4955.3
9902.4
5024.4
5387.1
2948.9
3109.0
5074.6
1087.6
402.0
3063.4
219.1
7991.7
8009.1
791.0
5269.4
298.7
803.1
3733.0
1158.4
8454.0
5121.4
2754.7
6864.8
6379.9
3728.1
7617.3
4816.3
10068.5
2657.0
7856.1
6052.8
4797.5
8900.4
5922.6
7450.9
3946.6
8494.3
8780.8
7333.3
6898.5
6902.7
8890.6
1579.6
1948.4
5138.8
4729.8
9705.9
6340.9
1602.5
3773.3
7028.1
1083.6
1783.6
2381.8
9602.0
6543.1
2745.1
1707.6
5071.7
5187.9
1358.2
2322.0
8717.8
5221.6
1758.7
2280.3
4037.2
3658.8
1733.8
4929.0
7776.9
6143.5
6099.4
3869.0
8447.8
3650.9
3069.0
1267.9
5824.1
9532.4
2828.3
6020.0
9648.2
7552.0
8823.8
486.4
3405.3
4097.5
4597.8
3437.6
3895.6
5390.0
1890.1
2250.6
9840.9
7597.4
1967.3
7736.5
6125.9
8849.5
6772.0
4568.2
6379.3
9938.8
10042.5
5891.5
1633.2
1830.4
7323.7
2924.9
3142.1
4478.5
4843.1
6817.1
1644.7
8085.6
10078.1
9959.3
7791.4
6243.3
3663.9
3618.5
5524.5
9087.9
6639.6
2517.3
1693.6
7016.4
2986.3
2264.2
6675.6
8891.2
1620.8
7500.6
3536.9
4599.2
4323.0
8569.8
1345.8
9117.2
2778.5
2568.6
3775.1
1751.1
7068.0
3543.0
3201.4
3141.9
8591.7
6138.7
7568.5
1902.9
8713.3
1884.2
5031.1
1941.3
8129.8
6309.1
9122.3
9578.8
8882.7
7753.3
6045.6
4411.0
6009.8
701.3
4660.3
5554.0
2245.3
5732.2
6606.8
5297.1
1575.2
4271.4
7372.0
5203.3
8686.4
1034.9
821.9
4409.4
2741.1
3304.6
8138.0
1993.5
3103.2
2536.7
5539.6
4171.8
5807.7
4370.6
5967.7
3691.0
8831.5
1776.4
1385.0
4255.2
3572.6
6359.0
6541.6
240.4
4545.9
3529.2
4369.9
7070.8
9462.4
2557.0
9939.2
2934.2
3687.9
2753.6
2108.3
6496.0
6781.9
981.0
3547.7
4779.4
8896.1
3705.5
7742.6
777.8
1413.4
9677.0
2371.1
350.1
2900.8
7498.2
9863.7
3012.4
9076.4
5330.8
1723.8
10069.7
3486.5
6822.1
486.2
7530.4
9763.7
582.1
956.4
8054.4
2655.0
3776.7
6044.1
1209.3
9442.8
8452.2
7285.3
2931.2
5160.1
3159.3
4283.2
6647.9
9742.4
8651.2
1422.0
9409.9
7337.7
2911.2
3951.7
2845.8
4006.0
3356.5
2081.4
4103.8
4759.0
3918.6
7910.9
2738.4
2825.6
4652.7
8952.3
8331.2
6702.0
811.4
3520.1
474.4
2919.2
3321.2
2918.9
1975.9
3983.2
3846.7
643.2
8826.8
1896.1
8298.4
3395.5
7288.9
7967.4
9569.8
185.5
2814.7
184.8
3261.9
8507.4
3252.3
6457.5
9865.0
5102.9
2884.6
9315.2
9348.0
3807.4
8913.8
2700.5
5799.0
3266.2
6695.2
5478.1
3092.2
8285.2
4296.4
7944.4
10011.8
1331.8
9281.5
1074.8
1191.3
4494.8
7019.6
9832.0
5478.7
2723.4
921.3
3049.1
4834.7
3172.2
6322.9
6147.0
3297.8
7564.4
5976.8
1884.6
7254.7
6429.7
1967.1
4527.2
1001.8
8499.3
8798.1
4702.0
239.9
8402.6
6280.0
2164.5
4110.5
717.3
1847.4
8916.2
3496.1
3207.1
4186.6
9101.5
2593.4
9864.4
1132.9
1167.1
8100.2
5215.0
1783.3
2667.7
4281.4
627.9
2893.5
6208.7
8147.6
6741.1
3093.2
2721.3
6870.6
3851.2
345.6
692.3
5942.0
9694.6
7092.4
8094.5
8968.7
284.9
8411.9
9619.0
9164.0
3275.5
2054.4
4872.3
9040.4
3898.7
915.6
3750.3
9424.7
1301.4
9289.7
8979.2
790.0
3385.6
8873.8
2903.0
1819.8
3580.1
4367.3
2582.5
9459.6
8373.8
5170.2
8285.5
8025.4
9748.5
6986.4
2021.8
128.1
7318.8
946.5
9446.6
7088.8
3758.8
130.5
7240.6
8755.2
2081.6
5065.1
9005.1
5364.7
378.5
7476.4
7101.9
5574.1
9715.9
978.9
2891.0
5318.4
4103.5
1914.2
9042.2
43.1
2908.3
9083.7
8919.6
861.1
6595.9
3566.0
5931.4
9613.3
2690.5
5802.2
4998.3
4491.1
4732.9
8446.6
1134.9
3891.8
6597.4
8676.6
6330.4
299.4
9942.7
2421.5
1749.2
165.0
9218.2
8492.2
1396.1
3492.2
6556.4
8935.0
5262.3
986.3
5220.4
9238.8
5003.6
8229.5
1880.8
5098.0
4025.7
2479.8
4235.7
7577.8
3487.8
1650.1
8694.1
7008.4
6720.1
6616.5
8893.0
6920.9
1951.8
3307.8
8136.8
1197.7
3907.6
6586.3
8309.5
3052.1
73.8
7787.2
3482.4
1109.3
8390.6
63.1
7328.9
206.3
4708.9
9424.8
6302.3
8199.3
5309.9
2104.4
7359.7
3522.3
2279.9
6265.1
5565.8
3220.3
5010.5
9336.5
1791.1
303.6
2392.5
3759.7
361.9
8948.6
4542.4
1316.5
5032.0
4896.9
16.9
4614.4
1687.4
9457.7
2382.9
7379.8
9505.8
9422.3
5311.7
9221.9
4530.4
4396.4
275.2
8724.7
9375.1
8562.2
2619.8
9913.2
3646.5
3564.5
3764.0
5083.9
8765.4
9701.8
3023.7
1549.8
3169.6
5549.1
9977.6
6723.7
3647.7
3312.7
3214.0
3209.8
7974.5
3745.9
41.7
7129.5
7902.2
5946.3
3631.4
157.3
10081.5
1291.3
8008.7
8320.8
7171.1
6076.4
5681.0
4075.2
8395.6
8495.5
5833.4
408.5
6371.0
2526.5
1248.3
1381.8
7446.1
3158.7
2047.7
3489.9
6714.4
6570.8
5823.2
1998.2
9177.0
5278.8
2927.3
5401.9
2722.7
746.7
3057.0
2443.6
738.3
8053.9
7454.2
8100.6
2858.0
3013.2
5281.6
6511.7
3732.0
7505.4
182.2
2521.4
6892.9
2259.2
3240.2
1747.5
3537.0
1270.6
2133.3
3239.2
5410.6
8452.6
1211.1
7717.8
5130.7
2513.1
2550.4
4855.8
2596.3
6812.6
6721.3
6037.6
2578.0
5510.2
7018.3
6387.9
4310.9
7749.9
478.2
8376.3
1359.9
1230.1
7899.3
7873.0
7888.2
9222.0
5338.2
5023.1
1668.8
1850.5
6894.2
6249.0
8625.5
5288.0
6740.0
5932.8
1401.8
5255.2
1324.2
8549.6
8957.3
1934.6
9344.1
510.6
7927.5
2271.8
1885.4
5208.4
6705.3
9978.0
7359.7
8551.9
1991.0
6008.4
9716.9
3304.2
4716.4
4068.6
3587.3
9177.2
3655.9
6770.8
2780.9
7386.1
5858.3
4425.8
7387.2
6322.8
1313.8
4827.3
4948.9
4688.4
1652.1
2802.5
1166.1
4422.9
7277.1
2918.2
3183.9
7722.6
6796.2
4348.9
2267.9
3013.9
7339.5
5523.5
3148.1
8820.5
8403.9
2733.1
293.3
8492.9
9613.7
9822.1
160.0
4633.9
7563.5
6334.0
2542.7
7589.9
4209.0
8664.0
3206.9
1216.8
1327.7
821.6
8150.6
584.8
720.4
5072.2
8033.8
3936.9
3724.2
9293.0
6800.7
3114.9
9570.7
893.9
10088.7
6753.8
4760.0
8453.9
6984.9
5886.8
290.1
7690.1
3530.1
4294.5
300.2
8307.4
3972.1
5688.5
2160.1
4393.4
9298.8
548.8
9231.4
6940.3
390.6
623.4
1016.8
5495.0
5024.8
9518.0
5141.8
45.5
9136.5
1840.5
8411.1
1929.6
3258.6
7553.8
2662.4
7240.8
8574.6
663.8
4311.9
314.7
9687.8
3297.0
3592.0
5681.2
1668.9
7457.1
6018.2
9862.4
5474.2
6914.6
3878.4
6276.4
9385.6
2252.5
8718.4
6431.8
7930.6
6855.9
8510.5
1462.7
3500.1
2571.7
6090.7
6403.8
9288.9
1382.1
8804.3
7637.6
9122.9
6284.7
6572.8
2282.7
4521.9
8287.5
764.1
7964.9
3999.8
8991.8
4804.4
2233.1
1225.8
3514.3
7687.1
5536.5
3874.3
942.4
1602.5
7087.2
6395.2
4746.0
1922.8
9738.0
1211.5
5923.9
7746.3
1172.9
7329.9
6175.2
8116.9
4814.9
6426.8
6000.0
4538.6
8638.6
668.2
131.9
9501.0
4773.0
4349.4
4491.8
3739.9
7549.5
4121.1
977.3
3740.3
139.6
3747.2
8823.3
6332.9
8230.6
5867.4
3430.5
5898.5
3412.5
9327.0
5720.2
7520.5
965.8
9486.8
5754.3
7929.5
3254.7
4396.1
5853.6
6053.8
8800.2
10033.9
7231.2
865.1
2577.5
288.7
2865.2
9475.4
5254.4
2286.8
9160.9
9174.4
5192.3
4380.7
4969.2
8780.1
7375.5
3712.0
8380.2
9843.8
5629.7
6941.4
8821.2
7271.9
7672.1
6031.7
4279.4
7164.1
8755.0
1990.5
5964.6
6636.7
8844.5
5402.2
5857.2
2520.5
5755.7
2786.6
9641.3
8904.2
8268.3
6271.9
5150.3
7468.6
4424.5
3640.1
2912.2
3138.1
6595.0
3064.1
5240.6
6495.1
2414.5
4989.3
273.1
9711.0
5784.5
1219.5
4781.4
3374.0
6661.6
1119.8
5837.5
7798.0
5765.5
8720.9
4594.9
9955.8
7149.4
2519.1
8338.2
8597.2
5544.7
1657.3
1021.6
8123.9
1781.5
6609.8
4701.9
7896.1
4022.1
1383.2
2620.0
6127.7
8143.3
8130.4
9200.8
239.3
4273.8
8468.8
3433.5
2170.5
3057.9
5893.9
2734.5
2122.6
9468.3
7774.5
5380.7
1093.6
5513.5
885.7
9224.4
4512.6
236.3
9055.0
5546.1
5797.8
6811.2
2816.4
9770.7
2365.0
9375.0
6817.8
4063.8
1411.7
8823.2
1116.4
4639.9
5925.1
6449.0
9656.1
5454.0
4920.6
10000.9
9945.0
9262.9
4721.9
6215.8
628.0
7775.1
8848.1
736.8
4934.3
125.9
9847.2
5552.3
6745.7
9995.6
6008.9
7948.3
7933.9
8314.9
5714.1
7052.4
9562.8
7553.7
3867.6
9562.8
6001.3
9662.1
8468.5
1135.3
8875.8
7351.5
8566.0
2130.7
2737.4
6825.1
259.0
1678.4
6814.4
1278.9
7067.0
8765.8
5112.0
1168.9
4488.5
7462.9
2142.9
9993.0
2341.8
4380.1
5148.5
4836.6
9817.6
6563.6
4925.1
9645.4
322.8
7917.1
3185.3
3852.6
582.0
6516.6
1717.1
6584.1
5976.2
3032.0
6719.0
8322.0
7057.4
7764.8
2635.6
6185.6
6102.2
8271.7
2735.1
735.8
5033.3
4946.1
5739.1
9157.1
4263.3
815.3
8136.9
3339.9
6469.4
6503.6
3310.0
4641.9
8817.0
2900.0
4146.7
4560.4
6961.6
2916.8
4636.3
7423.9
4206.5
9275.2
5700.1
3845.3
1753.7
4349.9
8844.6
2301.3
2175.2
6424.3
3989.7
139.4
3217.2
4253.7
771.1
7095.2
2067.5
1847.8
1111.0
463.1
3246.8
6514.4
9664.2
8478.0
3823.8
6182.2
9550.9
1234.4
6752.9
5019.7
6332.6
7504.7
5268.3
81.3
1748.7
1225.2
7559.9
8835.6
7847.8
2660.0
3476.5
1758.7
7107.6
108.9
9892.6
4776.5
1987.4
5397.7
4822.0
7408.6
1710.3
2784.5
8449.9
7329.8
4874.3
9412.3
8625.8
6495.8
1771.7
3133.4
5219.9
7510.2
5542.7
6555.2
5986.7
6732.5
534.8
7848.2
8563.6
4345.5
4033.2
3188.7
208.0
3503.2
8538.8
7116.2
8432.0
8413.0
9172.0
2525.8
1426.2
9332.7
6688.4
8647.7
9748.7
5591.2
4917.2
1475.5
5107.8
2232.2
5772.1
285.8
4958.1
404.4
9098.3
1133.3
6086.1
5160.9
2300.5
7911.6
8209.6
2970.1
9992.7
8668.6
4149.3
3841.0
7746.7
2030.4
9500.0
8534.5
122.7
2083.6
7335.9
5523.1
4255.4
5937.5
2907.3
999.0
9964.4
2156.5
10075.7
2934.7
8558.7
1787.9
3013.8
2459.1
8079.2
1733.3
7589.1
9352.2
9885.6
4635.3
2539.4
1518.4
7838.8
2140.3
7649.5
1020.9
6050.1
6958.4
2819.5
111.5
2874.0
6365.9
9189.3
6894.4
8646.0
3851.5
6481.5
1427.8
8748.6
3175.5
9957.7
2361.1
10061.6
1524.6
1415.3
2345.9
7156.8
6028.4
608.2
4139.9
8349.5
4742.0
881.6
6697.2
8932.0
7027.9
9179.5
8432.8
244.6
4289.9
5261.1
7521.1
1093.1
2100.5
465.0
5190.6
7252.3
2334.3
9894.5
7309.3
2519.9
8051.2
9952.6
3915.4
393.7
3774.4
9034.0
2310.3
6656.3
6311.5
4120.2
2184.3
6513.6
7015.4
3525.8
9770.6
8584.4
5764.7
4919.3
3336.5
8833.6
7679.2
5008.0
2871.9
8641.1
8293.6
4756.3
2658.8
6261.6
4442.0
9393.0
188.3
2917.6
8013.6
763.6
9119.7
10025.1
3277.1
7086.2
6017.9
634.4
4074.1
9554.9
6828.1
4135.8
2485.5
2516.5
6775.5
4377.2
9258.8
5625.8
3091.3
7711.5
427.2
1674.6
92.6
7894.8
2727.8
9122.8
1646.9
117.2
7748.6
5524.6
4315.7
2934.4
4595.8
4604.1
5911.6
2268.8
8635.7
2320.7
7206.7
1220.5
2182.3
5532.5
1979.0
863.5
8504.4
4893.8
5588.2
932.1
3303.1
7537.7
7494.0
7649.5
7814.4
3541.3
4778.9
7031.5
7694.8
8110.1
5123.7
3595.7
9849.5
3497.1
6371.6
9761.5
5927.7
808.4
1070.8
6157.3
910.2
2340.7
3993.7
3376.1
6480.6
3188.6
828.2
5889.2
5527.1
4695.6
945.5
5711.8
3494.6
2096.1
5941.7
7327.6
1428.9
7051.3
7414.7
6797.1
2024.7
7750.5
3689.4
4426.7
2519.8
3890.9
532.5
7798.0
3002.4
1272.0
5847.5
3474.1
7642.2
8275.7
4970.7
1359.1
6598.7
2819.4
8139.5
7863.9
5573.8
349.5
3742.4
7520.8
9345.7
759.5
1534.9
3080.5
3703.6
3951.1
9080.1
2994.6
7978.0
3918.5
7034.6
8256.2
6738.7
7079.8
3672.6
3562.6
4702.5
8935.8
3339.8
822.4
6888.7
696.6
6855.6
1857.1
858.6
9736.4
3043.3
5829.4
4691.8
501.1
8708.1
3456.1
7935.8
2907.6
1612.8
7904.3
3549.5
8681.3
6122.3
2293.4
8356.0
8676.2
8604.2
7675.4
3173.2
1480.9
1177.7
5682.0
923.3
4596.7
6436.6
7625.4
8536.9
7279.1
1358.6
3444.5
4466.2
1809.5
8571.3
108.6
3534.1
8236.0
845.3
7843.2
7105.4
2008.2
201.3
479.7
7128.3
4360.7
5581.9
7643.7
6035.7
9962.2
2981.6
3642.4
7999.2
8060.6
6547.1
1338.7
5506.7
7544.3
178.4
9757.8
8244.6
1565.5
3990.0
8623.6
7468.5
9089.2
2813.7
8234.4
9450.1
3741.8
4486.2
3078.4
9500.1
8743.8
5519.8
3423.0
8585.8
3806.5
1370.9
1128.2
5033.8
7341.1
7592.2
10060.9
5313.8
2607.9
288.2
2266.7
2182.9
6997.0
1009.3
1098.4
3470.3
9908.8
1218.6
7142.1
1857.1
4752.3
8550.4
5749.7
4076.5
228.8
140.2
9032.1
1301.0
7172.8
7829.5
552.7
2466.2
2259.0
6981.8
7332.2
2345.0
5587.3
9591.1
4162.7
1377.2
5315.3
9709.9
7204.1
9446.6
3194.1
9744.0
5648.2
3006.0
9913.6
7104.3
7678.2
7475.0
6562.1
6757.6
1752.5
2447.0
2738.3
9226.1
9502.6
7696.4
10050.8
8580.2
1119.1
8347.2
693.1
487.6
5701.7
8060.5
2866.1
4796.4
579.0
5896.1
7100.7
6748.5
5718.7
4303.8
305.5
1782.2
770.5
6695.2
9771.1
9539.1
9391.7
4324.1
9022.1
9409.7
3075.4
8363.3
5690.3
8709.4
694.0
1141.2
1711.9
527.9
730.7
2207.3
9178.5
8350.0
4519.0
7083.2
5917.6
8977.3
5802.7
6417.0
-1
